253.54487182,237.23358781,176.22971007
253.41988581,235.82572890,174.84000787
253.28934235,234.42134057,173.45887684
253.16201726,233.01689102,172.08239980
253.03491139,231.61349595,170.71204986
252.90501053,230.21231642,169.34927449
252.78055004,228.80992994,167.99044107
252.64956110,227.41117634,166.64099691
252.52521350,226.01055292,165.29511791
252.39563887,224.61292668,163.95814359
252.26786558,223.21529939,162.62700466
252.13892031,221.81885996,161.30305518
252.00749843,220.42411846,159.98688924
251.87841659,219.02893473,158.67645344
251.74314737,217.63696564,157.37543448
251.61318905,216.24311203,156.07894060
251.47505256,214.85328058,154.79270974
251.34235696,213.46134916,153.51101589
251.20229658,212.07301477,152.23922475
251.06510118,210.68359496,150.97309406
250.92246539,209.29683218,149.71604772
250.78066413,207.90978652,148.46552502
250.63483541,206.52466718,147.22349717
250.48834684,205.13984730,145.98861380
250.33874026,203.75643964,144.76185593
250.18750360,202.37368644,143.54264011
250.03356447,200.99205490,142.33139036
249.87753499,199.61119923,141.12787703
249.71873574,198.23140466,139.93236852
249.55787968,196.85226840,138.74460836
249.39371636,195.47436869,137.56507685
249.22800572,194.09676624,136.39314451
249.05799417,192.72081730,135.22983515
248.88740144,191.34455732,134.07383664
248.71107354,189.97061426,132.92700988
248.53556659,188.59550160,131.78708913
248.35246659,187.22362009,130.65702571
248.17200375,185.84945799,129.53337023
247.98332926,184.47879837,128.41983330
247.79621036,183.10628806,127.31322118
247.60275897,181.73618848,126.21618389
247.40767132,180.36585991,125.12726361
247.20935356,178.99612684,124.04704852
247.00585245,177.62805222,122.97620558
246.80255424,176.25849905,121.91319365
246.59196093,174.89172738,120.86033593
246.38177410,173.52320780,119.81547945
246.16622936,172.15624676,118.78039301
245.94639347,170.79017699,117.75486255
245.72570119,169.42286684,116.73809276
245.49826586,168.05781636,115.73176172
245.26968524,166.69155309,114.73455588
245.03697927,165.32583180,113.74738383
244.79785173,163.96204816,112.77091018
244.55917616,162.59579660,111.80371059
244.31454533,161.23106283,110.84741625
244.06404078,159.86776773,109.90212753
243.81354007,158.50200656,108.96684571
243.55688533,157.13772979,108.04299831
243.29423894,155.77480122,107.13069388
243.03098128,154.40952472,106.22922550
242.76199913,153.04526795,105.33968933
242.48711798,151.68211016,104.46228872
242.20920497,150.31799272,103.59685490
241.92737341,148.95343703,102.74378909
241.63964452,147.58977516,101.90356656
241.34610337,146.22689740,101.07639868
241.04996382,144.86238334,100.26230631
240.74853911,143.49809828,99.46182008
240.44116870,142.13446772,98.67525175
240.12788470,140.77140872,97.90287232
239.80997902,139.40786071,97.14497054
239.48758780,138.04361504,96.40192407
239.15900475,136.67991155,95.67407180
238.82420402,135.31670460,94.96173915
238.48314315,133.95395932,94.26526607
238.13576262,132.59165251,93.58500631
237.78328009,131.22869520,92.92149099
237.42448487,129.86598997,92.27502520
237.05885536,128.50389727,91.64594443
236.68627049,127.14244878,91.03463667
236.30659168,125.78169213,90.44149767
235.91966282,124.42169176,89.86692923
235.52531047,123.06252985,89.31133723
235.12334409,121.70430709,88.77512958
234.71355649,120.34714348,88.25871383
234.29572433,118.99117899,87.76249469
233.86960886,117.63657409,87.28687124
233.43495680,116.28351026,86.83223406
232.99150135,114.93219027,86.39896215
232.53896338,113.58283838,85.98741971
232.07705282,112.23570034,85.59795281
231.60547019,110.89104322,85.23088594
231.12390824,109.54915509,84.88651859
230.63205386,108.21034442,84.56512176
230.12958996,106.87493939,84.26693449
229.61619763,105.54328687,83.99216054
229.09155830,104.21575127,83.74096515
228.55535601,102.89271316,83.51347198
228.00776817,101.57399658,83.31029931
227.44818139,100.26034545,83.13123086
226.87608058,98.95243298,82.97602328
226.29117679,97.65069588,82.84460008
225.69319643,96.35557661,82.73683130
225.08226362,95.06702933,82.65312818
224.45799438,93.78566275,82.59313366
223.81986620,92.51231424,82.55609523
223.16768664,91.24742854,82.54165274
222.50165605,89.99092175,82.55015675
221.82137749,88.74355379,82.58074008
221.12654793,87.50600701,82.63250152
220.41723547,86.27845187,82.70525366
219.69346755,85.06112449,82.79869199
218.95492048,83.85484170,82.91141058
218.20171559,82.65975700,83.04306353
217.43394076,81.47608325,83.19317369
216.65144885,80.30446668,83.36029864
215.85445762,79.14494901,83.54413550
215.04302754,77.99786585,83.74370275
214.21721764,76.86359507,83.95779153
213.37731886,75.74207205,84.18619164
212.52339585,74.63371117,84.42742237
211.65569077,73.53858110,84.68078918
210.77444548,72.45675452,84.94554363
209.87986317,71.38841950,85.22050713
208.97224479,70.33352437,85.50517599
208.05183131,69.29219145,85.79841925
207.11891706,68.26440144,86.09951126
206.17379530,67.25013797,86.40767280
205.21675953,66.24939355,86.72202736
204.24811846,65.26209285,87.04193612
203.26817395,64.28819312,87.36657444
202.27723359,63.32761004,87.69527061
201.27560270,62.38025542,88.02734567
200.26358388,61.44602890,88.36216581
199.24147715,60.52483230,88.69905933
198.20957446,59.61654283,89.03751472
197.16816707,58.72105760,89.37686848
196.11753312,57.83825025,89.71665370
195.05794594,56.96800461,90.05634358
193.98967566,56.11020881,90.39537467
192.91296809,55.26473832,90.73341448
191.82808630,54.43149230,91.06982430
190.73525380,53.61035513,91.40433695
189.63470402,52.80122818,91.73648104
188.52666209,52.00401592,92.06580817
187.41131881,51.21863001,92.39208721
186.28890199,50.44498746,92.71473102
185.15957563,49.68301898,93.03358243
184.02352847,48.93266027,93.34823579
182.88094260,48.19385255,93.65829372
181.73195416,47.46656160,93.96359435
180.57675121,46.75073649,94.26362118
179.41545156,46.04636490,94.55822593
178.24819316,45.35343209,94.84709779
177.07513151,44.67191553,95.12981042
175.89634976,44.00184488,95.40626438
174.71199436,43.34321198,95.67602063
173.52216082,42.69604839,95.93885598
172.32692820,42.06040514,96.19458329
171.12645035,41.43627404,96.44268055
169.92076014,40.82375212,96.68310710
168.70995937,40.22288157,96.91551464
167.49415617,39.63369819,97.13952462
166.27337853,39.05631664,97.35503726
165.04774280,38.49076677,97.56161808
163.81730620,37.93713660,97.75903460
162.58210101,37.39554245,97.94711819
161.34226685,36.86598288,98.12534839
160.09780669,36.34860316,98.29363472
158.84876796,35.84349979,98.45173065
157.59531082,35.35063153,98.59906619
156.33739340,34.87018948,98.73565254
155.07509565,34.40221677,98.86114533
153.80856276,33.94666469,98.97504221
152.53775115,33.50371246,99.07733684
151.26276133,33.07335004,99.16764922
149.98373745,32.65549537,99.24551542
148.70063097,32.25030904,99.31093517
147.41355714,31.85772318,99.36352651
146.12268787,31.47757360,99.40281068
144.82795853,31.11000719,99.42883056
143.52947830,30.75491707,99.44125981
142.22750278,30.41196635,99.43951271
140.92192616,30.08131627,99.42373234
139.61283522,29.76283839,99.39368367
138.30058185,29.45599195,99.34868665
136.98505932,29.16089041,99.28890941
135.66633994,28.87736854,99.21419951
134.34467917,28.60496474,99.12412868
133.02024878,28.34332004,99.01844695
131.69298669,28.09241497,98.89727895
130.36301512,27.85193318,98.76047111
129.03074139,27.62109698,98.60750128
127.69615378,27.39975857,98.43847529
126.35928159,27.18769436,98.25343925
125.02026589,26.98449263,98.05230339
123.67949973,26.78933048,97.83470230
122.33708918,26.60182262,97.60066151
120.99300654,26.42178582,97.35036482
119.64740686,26.24873975,97.08379351
118.30044800,26.08219145,96.80094631
116.95262220,25.92111150,96.50151822
115.60389444,25.76530122,96.18576520
114.25430730,25.61443579,95.85386067
112.90402345,25.46799784,95.50587471
111.55320608,25.32546844,95.14189384
110.20201836,25.18632915,94.76202061
108.85079430,25.04979498,94.36624550
107.49975676,24.91526096,93.95467566
106.14882880,24.78259576,93.52764199
104.79816567,24.65130724,93.08530610
103.44792021,24.52091265,92.62784220
102.09824235,24.39094000,92.15543628
100.74927874,24.26092927,91.66828536
99.40117232,24.13043345,91.16659654
98.05406201,23.99901949,90.65058622
96.70808229,23.86626906,90.12047915
95.36336290,23.73177915,89.57650758
94.02002859,23.59516255,89.01891033
92.67819877,23.45604824,88.44793195
91.33798735,23.31408153,87.86382180
89.99950248,23.16892419,87.26683323
88.66284641,23.02025441,86.65722274
87.32811530,22.86776665,86.03524916
85.99539914,22.71117144,85.40117291
84.66478166,22.55019500,84.75525522
83.33634022,22.38457887,84.09775749
82.01014585,22.21407941,83.42894056
80.68626317,22.03846727,82.74906417
79.36475044,21.85752677,82.05838636
78.04565962,21.67105526,81.35716293
76.72903635,21.47886243,80.64564700
75.41492011,21.28076955,79.92408857
74.10334424,21.07660877,79.19273412
72.79433608,20.86622230,78.45182632
71.48867190,20.64845155,77.70156924
70.18570739,20.42405503,76.94225457
68.88542821,20.19293511,76.17411599
67.58783885,19.95496814,75.39738082
66.29293823,19.71003661,74.61227138
65.00071989,19.45802833,73.81900495
63.71157525,19.19831889,73.01781402
62.42588981,18.93030326,72.20894946
61.14290756,18.65482939,71.39258915
59.86260100,18.37180036,70.56893173
58.58493784,18.08112021,69.73817080
57.31024111,17.78224774,68.90053806
56.03925682,17.47412809,68.05633516
54.77086022,17.15800782,67.20562797
53.50499968,16.83378841,66.34859242
52.24161934,16.50136743,65.48540032
50.98220960,16.15878380,64.61649720
49.72540806,15.80750251,63.74185161
48.47095831,15.44763004,62.86159365
47.21878677,15.07903927,61.97588198
