2.149400772606086605e+02 2.491127752987120800e+02 2.077356407242098726e+02
2.136874156795587680e+02 2.481763872221413010e+02 2.062549791952898488e+02
2.124351960773482801e+02 2.472434664708208061e+02 2.047785825398167674e+02
2.111833646611926554e+02 2.463139907845491052e+02 2.033064617804091085e+02
2.099310772275219108e+02 2.453883253711016437e+02 2.018370262466276301e+02
2.086790389462749147e+02 2.444660694155305976e+02 2.003718729119428019e+02
2.074272092114694885e+02 2.435471938335982998e+02 1.989110425357457643e+02
2.061748270345693470e+02 2.426320143752241449e+02 1.974531762548677420e+02
2.049224222265365256e+02 2.417202231206556746e+02 1.959994651016336036e+02
2.036700404338404837e+02 2.408117490821124136e+02 1.945501219005611802e+02
2.024170906198575324e+02 2.399068200047891537e+02 1.931041657632744091e+02
2.011637553933728100e+02 2.390052970556253911e+02 1.916620917659101337e+02
1.999102506553329306e+02 2.381070296421424359e+02 1.902244295544242902e+02
1.986562552119776797e+02 2.372121158411067086e+02 1.887907254740835299e+02
1.974014067779941115e+02 2.363206681748627034e+02 1.873604829016304336e+02
1.961461880296446338e+02 2.354324157998709381e+02 1.859346958090248734e+02
1.948905350482323797e+02 2.345473386580399904e+02 1.845133736950645016e+02
1.936336958460825883e+02 2.336657196932753777e+02 1.830953761700478140e+02
1.923761483768148253e+02 2.327872938130977900e+02 1.816816622578723752e+02
1.911179523043768427e+02 2.319119848909132884e+02 1.802724583632592328e+02
1.898588843563791215e+02 2.310398399110784453e+02 1.788675280550443176e+02
1.885983659198551550e+02 2.301710547318600675e+02 1.774660933070171325e+02
1.873369724827192044e+02 2.293053296114404418e+02 1.760692163256161109e+02
1.860746301384940864e+02 2.284426458516008154e+02 1.746769079834962781e+02
1.848110029570939332e+02 2.275830931724460982e+02 1.732887887175155868e+02
1.835457241808373112e+02 2.267267698056448353e+02 1.719044612408986836e+02
1.822792506110440058e+02 2.258734328315954087e+02 1.705247557610742319e+02
1.810115006734895928e+02 2.250230644011434720e+02 1.691496849571179553e+02
1.797422477652839063e+02 2.241757042885965916e+02 1.677790609915607263e+02
1.784708995893144845e+02 2.233315352560927636e+02 1.664122066554092214e+02
1.771980055330941184e+02 2.224902816574685005e+02 1.650500491275933541e+02
1.759234746070254971e+02 2.216519265285573113e+02 1.636926039143255878e+02
1.746472130865318491e+02 2.208164531759194631e+02 1.623398872698923867e+02
1.733686220013105697e+02 2.199840383524975778e+02 1.609912660294541240e+02
1.720878393221007912e+02 2.191545702320680107e+02 1.596470937382553075e+02
1.708050195149647550e+02 2.183279330851293594e+02 1.583077282696300188e+02
1.695200568205779348e+02 2.175041111156504883e+02 1.569731904014953727e+02
1.682328419368280947e+02 2.166830888177080681e+02 1.556435021075558609e+02
1.669428517008717279e+02 2.158650017436691542e+02 1.543182003532151327e+02
1.656500751337534041e+02 2.150497922372764492e+02 1.529974594181574616e+02
1.643546935917179610e+02 2.142373334725884035e+02 1.516816704782771694e+02
1.630565826141951504e+02 2.134276107664927906e+02 1.503708624243739393e+02
1.617556132285521926e+02 2.126206097192469144e+02 1.490650660091169470e+02
1.604516517111138398e+02 2.118163162142307101e+02 1.477643140041157324e+02
1.591442411659045035e+02 2.110148269841348281e+02 1.464683040298818923e+02
1.578332566794392164e+02 2.102161187227471544e+02 1.451771127991980848e+02
1.565188559519628768e+02 2.094200704421364208e+02 1.438911115691377063e+02
1.552008854561134683e+02 2.086266685939395416e+02 1.426103441633020452e+02
1.538791857043141817e+02 2.078358998549582566e+02 1.413348574617011195e+02
1.525535909496169324e+02 2.070477511137157478e+02 1.400647016528103563e+02
1.512239288741256189e+02 2.062622094540159310e+02 1.387999305063476640e+02
1.498900202646217963e+02 2.054792621351962794e+02 1.375406016682496499e+02
1.485516786750365839e+02 2.046988965687332040e+02 1.362867769794254684e+02
1.472083549279296335e+02 2.039212130366836391e+02 1.350382104833542769e+02
1.458601863489354855e+02 2.031460890171106826e+02 1.337952861628973267e+02
1.445070096304585263e+02 2.023734974244741807e+02 1.325581209730771377e+02
1.431486090931240369e+02 2.016034252357519563e+02 1.313267981177896786e+02
1.417847601527930976e+02 2.008358593713281266e+02 1.301014069448763451e+02
1.404152289094592447e+02 2.000707866416210265e+02 1.288820434328615647e+02
1.390397717223026746e+02 1.993081936867473587e+02 1.276688107143882434e+02
1.376581347711614285e+02 1.985480669085219461e+02 1.264618196387572056e+02
1.362700536048467370e+02 1.977903923940258721e+02 1.252611893760872306e+02
1.348752526769376345e+02 1.970351558299032888e+02 1.240670480657078087e+02
1.334734448699336156e+02 1.962823424064653466e+02 1.228795335114859171e+02
1.320643310089236309e+02 1.955319367105976767e+02 1.216987939268561547e+02
1.306475993662965891e+02 1.947839226063680655e+02 1.205249887323695219e+02
1.292229251593865911e+02 1.940382831021424863e+02 1.193582894085922419e+02
1.277899700434559378e+02 1.932950002028984784e+02 1.181988804071652055e+02
1.263483816029474127e+02 1.925540547463239989e+02 1.170469601227584775e+02
1.248977928446090715e+02 1.918154262211602941e+02 1.159027419285297640e+02
1.234373801133201596e+02 1.910792069216186064e+02 1.147662128432180140e+02
1.219668406831747802e+02 1.903453440137284076e+02 1.136376956570659473e+02
1.204859829036330297e+02 1.896137519534397882e+02 1.125175891812592823e+02
1.189943683747197838e+02 1.888844032198781804e+02 1.114061818309481140e+02
1.174915415088853621e+02 1.881572676311574241e+02 1.103037837808620907e+02
1.159770291845601093e+02 1.874323120019421083e+02 1.092107284700747982e+02
1.144502963757826990e+02 1.867095102154368931e+02 1.081273551740568735e+02
1.129093260411292050e+02 1.859891731290058203e+02 1.070534313050279849e+02
1.113549612449606059e+02 1.852709240962940100e+02 1.059899989481333904e+02
1.097866470181295568e+02 1.845547137190137335e+02 1.049375088657332356e+02
1.082038104340603581e+02 1.838404871206148528e+02 1.038964445336030025e+02
1.066036091381634634e+02 1.831286737265505167e+02 1.028665804930123073e+02
1.049873798649352210e+02 1.824187633874447840e+02 1.018492120968033419e+02
1.033545714068292654e+02 1.817106617840117622e+02 1.008449731798406646e+02
1.017019136231216407e+02 1.810048237532728024e+02 9.985380746795821949e+01
1.000307243551958436e+02 1.803007240154875603e+02 9.887705874058494260e+01
9.833955242801906138e+01 1.795984037523422501e+02 9.791532786998986637e+01
9.662623760746625123e+01 1.788980149363108296e+02 9.696918671846432858e+01
9.489185409373283164e+01 1.781990592829987463e+02 9.603997581292652796e+01
9.313253545388185728e+01 1.775019665294453830e+02 9.512814122691838747e+01
9.135000957795783449e+01 1.768060878506606173e+02 9.423523481044088612e+01
8.954082975235780850e+01 1.761117111060417244e+02 9.336204760183592555e+01
8.770522677498166786e+01 1.754184291032893555e+02 9.251001524015708810e+01
8.584259426248466696e+01 1.747259742022211526e+02 9.168048692701897551e+01
8.394934774823397561e+01 1.740345455490156894e+02 9.087472235161260414e+01
8.202698686850553145e+01 1.733434708376009894e+02 9.009442949725723793e+01
8.007440311944445455e+01 1.726524981369664999e+02 8.934117606497460429e+01
7.809057678194245966e+01 1.719613353176247301e+02 8.861663556718923473e+01
7.607421137576018566e+01 1.712697032140216891e+02 8.792260347938342591e+01
7.402659521517156804e+01 1.705769347159668428e+02 8.726082459112589618e+01
7.194819499365807758e+01 1.698824899611636852e+02 8.663302438516718951e+01
6.984013970966705642e+01 1.691857468877196879e+02 8.604083617686559649e+01
6.770432937718817357e+01 1.684860050633032529e+02 8.548571496067937403e+01
6.554352238817175191e+01 1.677824959278103165e+02 8.496883921074376644e+01
6.336138635031436905e+01 1.670744003404739715e+02 8.449100709219948158e+01
6.116249739258446994e+01 1.663608735471316038e+02 8.405253658721429133e+01
5.895196537411091242e+01 1.656411074068893470e+02 8.365326660716394258e+01
5.673647300160681084e+01 1.649142477462008287e+02 8.329219149938482758e+01
5.452272506713072886e+01 1.641795744112413900e+02 8.296776347292814080e+01
5.231762736171220496e+01 1.634364861813854191e+02 8.267783771358919864e+01
5.012803026204063173e+01 1.626845246424362585e+02 8.241974715796546036e+01
4.796046285932063569e+01 1.619233897206163988e+02 8.219041813960610909e+01
4.582130038380268644e+01 1.611529186197745105e+02 8.198630872907203582e+01
4.371543297763709290e+01 1.603731574549700838e+02 8.180409909493339171e+01
4.164720113736166951e+01 1.595842683800629231e+02 8.164039043014854258e+01
3.962012487438487085e+01 1.587865258715125094e+02 8.149192446279839430e+01
3.763694784033142327e+01 1.579802909850961896e+02 8.135567054961983047e+01
3.569973141734069344e+01 1.571659854486494794e+02 8.122888229165499752e+01
3.380998020877752452e+01 1.563440678667095369e+02 8.110912715404060691e+01
3.196878470961066654e+01 1.555150133184501158e+02 8.099429346182095912e+01
3.017708569386177686e+01 1.546792995544600728e+02 8.088239169240559079e+01
2.843571489579562694e+01 1.538374094578842346e+02 8.077140019599640652e+01
2.674489456013420252e+01 1.529897910998176940e+02 8.066052323398145063e+01
2.510533555835809238e+01 1.521368652093309208e+02 8.054874438611570042e+01
2.351794493813835629e+01 1.512790479645796040e+02 8.043479761409379591e+01
2.198349053707219269e+01 1.504167661890778334e+02 8.031722370566464519e+01
2.050349940984623487e+01 1.495502979334124234e+02 8.019657165836876800e+01
1.907906684505904593e+01 1.486800550300831674e+02 8.007115585528136137e+01
1.771237531236410589e+01 1.478063032038357392e+02 7.994106855498387176e+01
1.640575138448459569e+01 1.469293320365572697e+02 7.980584426003157716e+01
1.516159019330464552e+01 1.460494341743673772e+02 7.966489404791727225e+01
1.398337514867007769e+01 1.451668320367804483e+02 7.951816872182975260e+01
1.287504397287241353e+01 1.442817383407522698e+02 7.936554503085196188e+01
1.183908174504024302e+01 1.433944519091225231e+02 7.920617889940920975e+01
1.088307843201096148e+01 1.425049985639038823e+02 7.904115601881598252e+01
1.000458895002682880e+01 1.416137882161356174e+02 7.886877140601356473e+01
9.235031594195620031e+00 1.407208334087549133e+02 7.869001258986124014e+01
8.586294364902597565e+00 1.398262458802657022e+02 7.850504030952386358e+01
8.046160693946452724e+00 1.389303650314354854e+02 7.831265704798414617e+01
7.609616145801762599e+00 1.380332221946911204e+02 7.811347383139039380e+01
7.271154642880055086e+00 1.371348838669732970e+02 7.790778446487294673e+01
7.024083327716159175e+00 1.362354778548369154e+02 7.769550062722144901e+01
6.858404623297841063e+00 1.353352806645968656e+02 7.747580590698869685e+01
6.770533935737935494e+00 1.344343023173097436e+02 7.724920703899776697e+01
6.756171741412575038e+00 1.335325920055390156e+02 7.701594698838707131e+01
6.809985299178151763e+00 1.326302498960812102e+02 7.677599927494405563e+01
6.926923539817260611e+00 1.317273705795165881e+02 7.652934943024432357e+01
7.102202485229068607e+00 1.308240433633990563e+02 7.627599374137584221e+01
7.329994564190830175e+00 1.299204074375078903e+02 7.601572187640192624e+01
7.605798479903248754e+00 1.290165515011030948e+02 7.574853228557519458e+01
7.927366776607972731e+00 1.281124739586612407e+02 7.547475192064703720e+01
8.290873139041426754e+00 1.272082447914522305e+02 7.519440689278725642e+01
8.692693117197809016e+00 1.263039299993713058e+02 7.490752943038124556e+01
9.129393992550777881e+00 1.253995917945277228e+02 7.461415722043803100e+01
9.597725228838971390e+00 1.244952887816782123e+02 7.431433281481906761e+01
1.009460947860869062e+01 1.235910761261062163e+02 7.400810309487943073e+01
1.060954587112425429e+01 1.226870057095648292e+02 7.369551878863276784e+01
1.112914145839765467e+01 1.217831262749256922e+02 7.337663403504356552e+01
1.165263689580111972e+01 1.208794835601799633e+02 7.305150599051117410e+01
1.217740452266973961e+01 1.199761204224438984e+02 7.272019447303911477e+01
1.270121669359665972e+01 1.190730769526180097e+02 7.238276163998716584e+01
1.322219274010994816e+01 1.181703905813449182e+02 7.203927169567303679e+01
1.373875131669147009e+01 1.172680961768983252e+02 7.168979062543908753e+01
1.424956827843643126e+01 1.163662261356274144e+02 7.133438595311979213e+01
1.475353988377267989e+01 1.154648104655627776e+02 7.097312651914184300e+01
1.524868560122705219e+01 1.145639404676158364e+02 7.060592014367495040e+01
1.573360335362526641e+01 1.136636870990236474e+02 7.023273522829553883e+01
1.620921914396915042e+01 1.127639852763632291e+02 6.985387652115478829e+01
1.667504480453184001e+01 1.118648564719284906e+02 6.946941802987655024e+01
1.713069129520931000e+01 1.109663200969144015e+02 6.907943414932580595e+01
1.757585421417838134e+01 1.100683935557605651e+02 6.868399952446144141e+01
1.801030145415078465e+01 1.091710922970990794e+02 6.828318892109953708e+01
1.843386268210524648e+01 1.082744298617665493e+02 6.787707710344058398e+01
1.884358654389317067e+01 1.073786279592173258e+02 6.746529007227609043e+01
1.924085906746460850e+01 1.064836012122682121e+02 6.704812999561015374e+01
1.962692527903127981e+01 1.055892658261746107e+02 6.662587350974661149e+01
2.000178875376552767e+01 1.046956283649067103e+02 6.619859574488995690e+01
2.036548089325458832e+01 1.038026936836873375e+02 6.576637127224057622e+01
2.071666680051244214e+01 1.029105806621947181e+02 6.532905187786100498e+01
2.105328497080557781e+01 1.020194802079958265e+02 6.488636872050517468e+01
2.137888616490540983e+01 1.011291111360091008e+02 6.443894720550322575e+01
2.169358018139774913e+01 1.002394719888575878e+02 6.398686015299945495e+01
2.199748899665720714e+01 9.935055976613227813e+01 6.353017937308920438e+01
2.228642758612818753e+01 9.846276849948769438e+01 6.306828686445577858e+01
2.256370922185864458e+01 9.757581705526395410e+01 6.260176073873969926e+01
2.283057637315059196e+01 9.668959921523756407e+01 6.213084517687186548e+01
2.308718448366670017e+01 9.580410623273340320e+01 6.165560850901869827e+01
2.332881294892582247e+01 9.491981367236631684e+01 6.117534591669708277e+01
2.355953320865802425e+01 9.403634042607139065e+01 6.069074617107294500e+01
2.378044696512780831e+01 9.315358247772510936e+01 6.020202258123608630e+01
2.399026530465673801e+01 9.227167872944467319e+01 5.970901059260398824e+01
2.418592785413800783e+01 9.139096623707727929e+01 5.921127183604544086e+01
2.437226844293999406e+01 9.051094796023561173e+01 5.870959980917250221e+01
2.454946057681467408e+01 8.963160607629843923e+01 5.820405427456736192e+01
2.471191796363945770e+01 8.875356623339209250e+01 5.769380978585749631e+01
2.486490526327372308e+01 8.787625971619659992e+01 5.717971431325366183e+01
2.500924203670400559e+01 8.699959389772827478e+01 5.666192293242593792e+01
2.514004313664396406e+01 8.612413873908069206e+01 5.613972786045693653e+01
2.526094807976877377e+01 8.524948447830428222e+01 5.561371497056500601e+01
2.537369910457694644e+01 8.437542479416293872e+01 5.508417304581283958e+01
2.547307921267871578e+01 8.350259260379428383e+01 5.455035777969612099e+01
2.556319032193712104e+01 8.263050040481712699e+01 5.401290954615698325e+01
2.564563486913190715e+01 8.175894665861908095e+01 5.347208692665624596e+01
2.571393402206881973e+01 8.088874878916747946e+01 5.292698014893638003e+01
2.577453335269031953e+01 8.001909860582364331e+01 5.237855011119859938e+01
2.582633907182695054e+01 7.915013043987377728e+01 5.182666163604995546e+01
2.586557127662693745e+01 7.828234173607695823e+01 5.127081063123191740e+01
2.589791665535009457e+01 7.741498443815926578e+01 5.071181956929019208e+01
2.591919559824387420e+01 7.654861264168816604e+01 5.014913176758539493e+01
2.593095374388149921e+01 7.568302046875317046e+01 4.958298711405715409e+01
2.593587839282946561e+01 7.481783237074013471e+01 4.901376760667804433e+01
2.592751884420526309e+01 7.395394169807850915e+01 4.844063544533348420e+01
2.591299976744442191e+01 7.309034936559793039e+01 4.786455770051460235e+01
2.588809689234880906e+01 7.222764470669210368e+01 4.728499905216080634e+01
2.585420284828242998e+01 7.136562542639680373e+01 4.670216241820167369e+01
2.581318287380774024e+01 7.050400988084069809e+01 4.611629927434584886e+01
2.576036167999724924e+01 6.964347832007914008e+01 4.552684471563050295e+01
2.570204304079094726e+01 6.878308688538061233e+01 4.493459381438578504e+01
2.563196695303359718e+01 6.792376295553667376e+01 4.433880060040420545e+01
2.555541167511614731e+01 6.706469848452293547e+01 4.374011491889753245e+01
2.546950880426880559e+01 6.620631704334121537e+01 4.313820911519106716e+01
2.537513383343132745e+01 6.534847188186725475e+01 4.253319998152633730e+01
2.527347321160604210e+01 6.449096053121833449e+01 4.192523079646143458e+01
2.516168293661230848e+01 6.363421766184136175e+01 4.131399707092051443e+01
2.504433876406234916e+01 6.277749494729509649e+01 4.070000610918938122e+01
2.491552390528352134e+01 6.192172769909335273e+01 4.008263342310826260e+01
2.478223322608091905e+01 6.106575876779807288e+01 3.946261924968398915e+01
2.463711031712177402e+01 6.021077433538822277e+01 3.883921381315343524e+01
2.448737047642476483e+01 5.935555796332136680e+01 3.821314715167227405e+01
2.432688177561948351e+01 5.850110942480317533e+01 3.758381886081009071e+01
2.416104087725727823e+01 5.764649358479329777e+01 3.695174720429395165e+01
2.398526143607284666e+01 5.679246322696265992e+01 3.631650324970053845e+01
2.380365066476814206e+01 5.593828472292749154e+01 3.567845795205695225e+01
2.361265363903302372e+01 5.508454312469241643e+01 3.503729383647055329e+01
2.341558635933149901e+01 5.423062694434339193e+01 3.439328914899612499e+01
2.320944160387191602e+01 5.337703213844141459e+01 3.374618762257439641e+01
2.299721245450698248e+01 5.252319068970839311e+01 3.309621964693550922e+01
2.277598513552351633e+01 5.166958720496754864e+01 3.244314955657836919e+01
2.254886909889721736e+01 5.081561941730982568e+01 3.178719509488176698e+01
2.231261829580230227e+01 4.996183718190428635e+01 3.112811012881920547e+01
2.207086972038078088e+01 4.910752745021748211e+01 3.046612540771164745e+01
2.181964698679006176e+01 4.825338053265881655e+01 2.980096271245394846e+01
2.156349853710222320e+01 4.739849747726175622e+01 2.913288195342753539e+01
2.129734638729366836e+01 4.654378263730995258e+01 2.846156059473423738e+01
2.102700789166974360e+01 4.568807764829067963e+01 2.778729439654631150e+01
2.074595817383285024e+01 4.483257266433102473e+01 2.710971362878625968e+01
2.046085551788208434e+01 4.397592611844789445e+01 2.642911386362727555e+01
2.016568744431321747e+01 4.311923992448898701e+01 2.574518441789140155e+01
1.986562077822321726e+01 4.226143879319245400e+01 2.505810664257489506e+01
1.955669924452676867e+01 4.140322961139061420e+01 2.436768391919841648e+01
1.924166817355832038e+01 4.054399515263770581e+01 2.367396927684967523e+01
1.891911457359908511e+01 3.968393781182307833e+01 2.297686631888634778e+01
1.858910061791864266e+01 3.882296398804015070e+01 2.227632775991595082e+01
1.825300571272490657e+01 3.796070564184542206e+01 2.157232298136910131e+01
1.790796944188448947e+01 3.709765579075497044e+01 2.086474185663975689e+01
1.755839067964479128e+01 3.623281232955577025e+01 2.015357520399084379e+01
