2.097517781818568494e+01 2.930572403304602602e+01 6.752149278392185749e+01
2.142133239273876910e+01 3.139644072757948123e+01 6.858503232707015229e+01
2.186641978934556363e+01 3.344691831571370955e+01 6.966237988357275412e+01
2.230879901926554609e+01 3.546328418756834822e+01 7.075193733482618086e+01
2.274688639379534294e+01 3.745051627384101778e+01 7.185237956741708842e+01
2.317916560445162588e+01 3.941271691185421844e+01 7.296260452634770388e+01
2.360414419624643401e+01 4.135332444080091818e+01 7.408166987824841954e+01
2.401964768035269771e+01 4.327546333524755084e+01 7.520847974197042163e+01
2.442404534605326916e+01 4.518166341482773873e+01 7.634227382407341622e+01
2.481655325330895323e+01 4.707388994235613922e+01 7.748267121863047180e+01
2.519566938357746011e+01 4.895405735299545569e+01 7.862904222557806122e+01
2.555992881145240503e+01 5.082384685656591472e+01 7.978079911233412247e+01
2.590615329666347577e+01 5.268517441774985599e+01 8.093681398918445780e+01
2.623397478597207311e+01 5.453907666051627956e+01 8.209692286718579624e+01
2.654218729183512337e+01 5.638668701819021578e+01 8.326064814425697591e+01
2.682913194364367016e+01 5.822913384531953795e+01 8.442735545453419377e+01
2.709112151059527562e+01 6.006787827809657188e+01 8.559583615139077040e+01
2.732871926863787948e+01 6.190334582669145647e+01 8.676608884493955998e+01
2.754063209216123909e+01 6.373631769308779127e+01 8.793752074410990360e+01
2.772237551206606199e+01 6.556813850744794081e+01 8.910870538055097256e+01
2.787487853725384213e+01 6.739898451330452644e+01 9.027960070879242949e+01
2.799655871845348898e+01 6.922950032679484877e+01 9.144946082113355601e+01
2.808333259692793149e+01 7.106072550623700579e+01 9.261694102354680069e+01
2.813688337854933863e+01 7.289258923792817768e+01 9.378201447703122540e+01
2.815283261859940467e+01 7.472607225448017232e+01 9.494322645613786449e+01
2.813148129715396450e+01 7.656128349880573580e+01 9.610014614349228168e+01
2.807073167460456276e+01 7.839871453827940684e+01 9.725177141630145172e+01
2.796890969206074473e+01 8.023874023942974532e+01 9.839716507048450467e+01
2.782530906500157997e+01 8.208155573417052153e+01 9.953554579570030114e+01
2.763817597557198980e+01 8.392748754613083406e+01 1.006658790396316476e+02
2.740621079294994544e+01 8.577676579337774854e+01 1.017871773259747528e+02
2.713012731965440238e+01 8.762931962818571208e+01 1.028987887103804439e+02
2.680542174266606636e+01 8.948577766113029952e+01 1.039990066947434286e+02
2.643598471483312196e+01 9.134562513151954022e+01 1.050876508042635464e+02
2.601858343706122412e+01 9.320929010615650157e+01 1.061631184241097827e+02
2.555331809773560536e+01 9.507675885601067023e+01 1.072243435991131690e+02
2.504307369141885431e+01 9.694771038034933497e+01 1.082706533318163338e+02
2.448852243170321330e+01 9.882212571790789468e+01 1.093008321010802462e+02
2.388822973568008479e+01 1.007002329599201715e+02 1.103131281004610429e+02
2.324847306028089378e+01 1.025814768412197253e+02 1.113069712471689030e+02
2.257355139953021705e+01 1.044656191547854576e+02 1.122811804640724063e+02
2.186923522026514988e+01 1.063523809380491230e+02 1.132345252000599629e+02
2.114343913267022401e+01 1.082414146507715316e+02 1.141657686973838537e+02
2.040678684627611617e+01 1.101322987331951424e+02 1.150736757170620592e+02
1.967327504770945623e+01 1.120245318549501121e+02 1.159570224983626616e+02
1.896101037275009205e+01 1.139175269859745185e+02 1.168146092936929819e+02
1.829294994411743502e+01 1.158106054637978843e+02 1.176452758252449371e+02
1.769750631564803811e+01 1.177029912813140555e+02 1.184479199994520684e+02
1.720878386528877257e+01 1.195938058749150912e+02 1.192215201840041772e+02
1.686577491284908703e+01 1.214820882212578397e+02 1.199650874587794078e+02
1.670767083638142836e+01 1.233670177498306373e+02 1.206769644826983949e+02
1.678206722993244071e+01 1.252471395036095316e+02 1.213571617880178763e+02
1.713031396372487691e+01 1.271211276776714811e+02 1.220052175224143127e+02
1.778224876888758033e+01 1.289878717952199167e+02 1.226196176192272276e+02
1.876617289016628476e+01 1.308454462767567463e+02 1.232017249608506262e+02
2.008845745827327889e+01 1.326925255492809015e+02 1.237504199624578831e+02
2.174963938514937567e+01 1.345271153208414603e+02 1.242674109945215832e+02
2.373602501051027147e+01 1.363474346765286214e+02 1.247536461097312639e+02
2.602686864607261441e+01 1.381516295072284777e+02 1.252105886237501267e+02
2.859772505207284965e+01 1.399377127194104844e+02 1.256411154099750576e+02
3.142148045062141293e+01 1.417038074568153547e+02 1.260483749727163456e+02
3.447072401028277966e+01 1.434481176344815765e+02 1.264363741631663061e+02
3.771861566042561265e+01 1.451690092640830017e+02 1.268098732327887319e+02
4.113929863024623756e+01 1.468650795940750697e+02 1.271743866432391599e+02
4.470805035565273045e+01 1.485352285692118812e+02 1.275360715879376414e+02
4.840136333370598720e+01 1.501787175647860408e+02 1.279015636228519952e+02
5.219700073623455694e+01 1.517952103677649518e+02 1.282778018099923258e+02
5.607409358975393587e+01 1.533847925839010600e+02 1.286718194867290492e+02
6.001333386342717802e+01 1.549479619138359965e+02 1.290904945817201508e+02
6.399710098179807716e+01 1.564855983239257000e+02 1.295403711429683540e+02
6.800950415832890883e+01 1.579989229558098884e+02 1.300275385557455081e+02
7.203662505013092243e+01 1.594894230299578908e+02 1.305574164452436605e+02
7.606649187338668128e+01 1.609587849161694635e+02 1.311347157505628900e+02
8.008898197700226262e+01 1.624088318208741555e+02 1.317634380225431130e+02
8.409573576018958363e+01 1.638414608425276811e+02 1.324468772922684821e+02
8.808001401911023720e+01 1.652585898337519552e+02 1.331876598040910835e+02
9.203652881041811895e+01 1.666621143134914860e+02 1.339878035513337693e+02
9.596126167618383818e+01 1.680538747009093754e+02 1.348487890615022025e+02
9.985111790901946449e+01 1.694356619035458209e+02 1.357716882060609578e+02
1.037038259907394036e+02 1.708091963041267718e+02 1.367571970898702602e+02
1.075181998424805698e+02 1.721760422785782225e+02 1.378055715323323227e+02
1.112934937330460343e+02 1.735376912098459172e+02 1.389168605796849931e+02
1.150294234720053907e+02 1.748955385744182536e+02 1.400909081293114298e+02
1.187254081301075814e+02 1.762510359424982767e+02 1.413275291744498929e+02
1.223825019864211470e+02 1.776052598224379153e+02 1.426260806926599116e+02
1.260006602504134321e+02 1.789594921535630760e+02 1.439861068151915049e+02
1.295807018776629036e+02 1.803147905473597916e+02 1.454068950550224884e+02
1.331233865827582576e+02 1.816721804370308746e+02 1.468877084848690799e+02
1.366297411330199338e+02 1.830325817032502869e+02 1.484277194478398201e+02
1.400999547334706676e+02 1.843970921309131938e+02 1.500261355163046062e+02
1.435360688301860534e+02 1.857662744564132424e+02 1.516819769749201612e+02
1.469379546351194676e+02 1.871412413555071339e+02 1.533943610926540657e+02
1.503068071477975423e+02 1.885227053569187490e+02 1.551622924749150059e+02
1.536440390374417859e+02 1.899112681136821266e+02 1.569847812948344483e+02
1.569504515594044562e+02 1.913076697143404772e+02 1.588608198215865457e+02
1.602266106789035121e+02 1.927126946291137415e+02 1.607893340885214855e+02
1.634731705329305385e+02 1.941270743651259636e+02 1.627692039439983489e+02
1.666915125799533257e+02 1.955512721455577037e+02 1.647993899950411958e+02
1.698824516918837162e+02 1.969858994575947122e+02 1.668787812464609885e+02
1.730468029393882148e+02 1.984315401291439116e+02 1.690062474599231734e+02
1.761853811576590942e+02 1.998887514658092073e+02 1.711806428964669067e+02
1.792990007382969679e+02 2.013580653010938306e+02 1.734008099976432220e+02
1.823884755326562015e+02 2.028399889920666226e+02 1.756655829718989139e+02
1.854546187780644857e+02 2.043350063910948791e+02 1.779737912265757132e+02
1.884982429853481847e+02 2.058435788209201007e+02 1.803242625597684707e+02
1.915197511485474990e+02 2.073663094719619551e+02 1.827156239220792031e+02
1.945198848095430719e+02 2.089036545936793630e+02 1.851466232381440022e+02
1.974997959201642459e+02 2.104558835251974074e+02 1.876162305784920079e+02
2.004602975939376108e+02 2.120233787282503499e+02 1.901232726629742729e+02
2.034021022561594236e+02 2.136065482166181653e+02 1.926665149320895409e+02
2.063250682767504429e+02 2.152061607529566629e+02 1.952441029327218018e+02
2.092306996553551812e+02 2.168222647556869447e+02 1.978552541912425511e+02
2.121200427927006444e+02 2.184550821666748561e+02 2.004989306727050860e+02
2.149926916134505461e+02 2.201054885266359236e+02 2.031728717071964070e+02
2.178502643102116565e+02 2.217734353632799582e+02 2.058763782908058886e+02
2.206936653758529872e+02 2.234591895130146781e+02 2.086081286553927612e+02
2.235227412107571183e+02 2.251635294585336169e+02 2.113656411879422024e+02
2.263398286611738968e+02 2.268860458134155635e+02 2.141486493474145334e+02
2.291448504254993850e+02 2.286275177728392407e+02 2.169541998403632874e+02
2.319404822751122595e+02 2.303873860125800377e+02 2.197818856769283116e+02
2.347276536990285081e+02 2.321659983768677478e+02 2.226289200175239671e+02
2.375102066663709195e+02 2.339622281289484249e+02 2.254955565889325726e+02
2.402908319573696758e+02 2.357754648028238762e+02 2.283811891840112480e+02
2.430742012497039184e+02 2.376036351693697952e+02 2.312915425350968519e+02
2.458600883774895181e+02 2.394458346671489153e+02 2.342399052401123640e+02
2.486326406398578115e+02 2.413064139521941911e+02 2.372502752198243456e+02
2.513516133610892780e+02 2.432007517562205123e+02 2.403372356240489864e+02
2.539861496838615267e+02 2.451466687876522315e+02 2.434566518272836220e+02
2.532013757059361581e+02 2.454362371106219314e+02 2.437655670964485353e+02
2.519337097236063414e+02 2.429490327640220073e+02 2.404589121608628943e+02
2.507091164459510537e+02 2.404656737941824929e+02 2.371208223607173693e+02
2.495251660749477196e+02 2.379850294785345000e+02 2.337653767637140447e+02
2.483794368196298024e+02 2.355066480805826643e+02 2.304002863622976065e+02
2.472702814814056183e+02 2.330301000766556854e+02 2.270300511314436562e+02
2.461949905834377148e+02 2.305554036733541921e+02 2.236593421791807828e+02
2.451517142979523953e+02 2.280823871853258993e+02 2.202913091327034181e+02
2.441393875065157033e+02 2.256106717504773940e+02 2.169279252938734430e+02
2.431562580273687786e+02 2.231401207507196318e+02 2.135717604211391176e+02
2.422015359488605100e+02 2.206703009853846709e+02 2.102242216620225008e+02
2.412732574006292339e+02 2.182011822203502902e+02 2.068879274317962427e+02
2.403700079892364556e+02 2.157325712440477901e+02 2.035648411114594865e+02
2.394912578085771599e+02 2.132639772831588800e+02 2.002559693131096878e+02
2.386364336276561460e+02 2.107949098742965361e+02 1.969624023831929378e+02
2.378027480380044381e+02 2.083256827606718105e+02 1.936875110104542159e+02
2.369901255698198952e+02 2.058556502252910150e+02 1.904318621148334785e+02
2.361982133197776932e+02 2.033842394994444760e+02 1.871963930463046495e+02
2.354239260829005786e+02 2.009119207691938698e+02 1.839847644617850051e+02
2.346680611956049916e+02 1.984376973215069313e+02 1.807968240779343034e+02
2.339287211615097419e+02 1.959615913202738398e+02 1.776351366773991458e+02
2.332040337527780025e+02 1.934836517294674536e+02 1.745022141390557522e+02
2.324948769486948095e+02 1.910027954285327780e+02 1.713980912848557523e+02
2.317973772615529811e+02 1.885199101475767804e+02 1.683272021979824444e+02
2.311131920213371700e+02 1.860335651474300676e+02 1.652890462969694738e+02
2.304384427714877859e+02 1.835447003948064832e+02 1.622880842553450975e+02
2.297737350802304661e+02 1.810523167262596758e+02 1.593249294574043802e+02
2.291169208936548216e+02 1.785566359547956665e+02 1.564026135192469837e+02
2.284659284673547006e+02 1.760578774569334826e+02 1.535241134088685726e+02
2.278213190580148648e+02 1.735550339502405279e+02 1.506903939013752733e+02
2.271796801575290488e+02 1.710489918796637596e+02 1.479055800161401351e+02
2.265394834272607625e+02 1.685397852060267212e+02 1.451723264786708398e+02
2.259008678866531170e+02 1.660266089247770367e+02 1.424922094373696666e+02
2.252608375593002563e+02 1.635102624172904200e+02 1.398690536266693130e+02
2.246174272995763204e+02 1.609910764345180212e+02 1.373059302597787337e+02
2.239689516624654004e+02 1.584692757244685595e+02 1.348057251972132349e+02
2.233136127315463568e+02 1.559451846444450211e+02 1.323713921531566768e+02
2.226495197582459582e+02 1.534192255657493149e+02 1.300059126275454275e+02
2.219749121867528743e+02 1.508917956286171602e+02 1.277121628029914291e+02
2.212873105393980779e+02 1.483637791468519538e+02 1.254932703824038640e+02
2.205845170786058418e+02 1.458359792325732940e+02 1.233520699949170876e+02
2.198643630143545238e+02 1.433092664077284155e+02 1.212912086800570677e+02
2.191246934978509842e+02 1.407845925802209024e+02 1.193131212717955378e+02
2.183635172713968302e+02 1.382628965600165998e+02 1.174199619647863244e+02
2.175784748240352542e+02 1.357454667660699386e+02 1.156136795278456759e+02
2.167673976435816598e+02 1.332335850811675186e+02 1.138958120263596356e+02
2.159282331144411557e+02 1.307285760210468482e+02 1.122674821247724566e+02
2.150590453056123010e+02 1.282318065552657060e+02 1.107293704929400491e+02
2.141580407543849844e+02 1.257446668568342005e+02 1.092816917224152462e+02
2.132237940013560262e+02 1.232683881353730584e+02 1.079242306984565261e+02
2.122547492008878578e+02 1.208044252056569547e+02 1.066562575226552951e+02
2.112494794860595277e+02 1.183542638190802592e+02 1.054765131011546941e+02
2.102069503955356993e+02 1.159191934615017345e+02 1.043833144794591021e+02
2.091264649051184392e+02 1.135003209880615742e+02 1.033746405242334561e+02
2.080072958995156682e+02 1.110988810878635462e+02 1.024479647451337314e+02
2.068489704865002636e+02 1.087159809513145916e+02 1.016004206585144090e+02
2.056513187996775116e+02 1.063525301585976166e+02 1.008289282796956456e+02
2.044143342480492151e+02 1.040093494285163160e+02 1.001301687918774235e+02
2.031381178726493317e+02 1.016872139479860380e+02 9.950057346948631221e+01
2.018229905663937132e+02 9.938672296671489903e+01 9.893651482812460074e+01
2.004693946733878249e+02 9.710838100977883869e+01 9.843427704746576978e+01
1.990778856612962784e+02 9.485259170873173673e+01 9.799011143266183410e+01
1.976491246650349751e+02 9.261964967297558360e+01 9.760029969529600180e+01
1.961838202413313468e+02 9.040979659400697699e+01 9.726110808584111567e+01
1.946827746203524043e+02 8.822314985528099385e+01 9.696895152470111157e+01
1.931468198935201031e+02 8.605976849428058983e+01 9.672032663939315000e+01
1.915767899608950700e+02 8.391968466112425062e+01 9.651177622246906651e+01
1.899735453509076990e+02 8.180286019360454475e+01 9.634000704279580418e+01
1.883379533693882877e+02 7.970920326542932344e+01 9.620189546762189536e+01
1.866708490746750613e+02 7.763862395477808320e+01 9.609438493314692664e+01
1.849730418204457010e+02 7.559102367482780949e+01 9.601452295566298289e+01
1.832453279926364473e+02 7.356626378094227903e+01 9.595957498761505633e+01
1.814884529395039294e+02 7.156423337728931244e+01 9.592686558417346987e+01
1.797031171516402992e+02 6.958484060643671398e+01 9.591381361158775576e+01
1.778899776094628749e+02 6.762800716243872046e+01 9.591797431496974013e+01
1.760496364001015479e+02 6.569369690355986791e+01 9.593697015882258938e+01
1.741826406120387389e+02 6.378192005841021484e+01 9.596849783072593709e+01
1.722894814641460641e+02 6.189273301613908274e+01 9.601036559542836812e+01
1.703705867118922868e+02 6.002628279034296810e+01 9.606033904551435398e+01
1.684263263843982088e+02 5.818279114463395274e+01 9.611623674937492012e+01
1.664570066224523828e+02 5.636255131998068890e+01 9.617602786147095628e+01
1.644628713167151659e+02 5.456599845110815750e+01 9.623751531506407275e+01
1.624441066034301286e+02 5.279369153092260802e+01 9.629846726716441196e+01
1.604008273231530097e+02 5.104630832995022871e+01 9.635678977124797484e+01
1.583330855716840233e+02 4.932470020570703895e+01 9.641027840238115232e+01
1.562408963140499907e+02 4.762991776993261084e+01 9.645642399149464552e+01
1.541241878141167376e+02 4.596318541568132332e+01 9.649292938021702071e+01
1.519828313638664952e+02 4.432596186939579042e+01 9.651733541058344201e+01
1.498167005337161299e+02 4.271995180553444982e+01 9.652669945720505496e+01
1.476255445730470797e+02 4.114711972495405234e+01 9.651842508627146344e+01
1.454091281103241329e+02 3.960971013520285311e+01 9.648939752051764174e+01
1.431672221654699229e+02 3.811023401855331372e+01 9.643618088295045254e+01
1.408994359939140111e+02 3.665157027558849734e+01 9.635573327227422169e+01
1.386055916830839010e+02 3.523676753530150307e+01 9.624390938997855471e+01
1.362853486601653117e+02 3.386924651258870966e+01 9.609701896312208191e+01
1.339385100669448718e+02 3.255257689517978292e+01 9.591075446296122209e+01
1.315649337557106549e+02 3.129048132352205158e+01 9.568063169074127927e+01
1.291645216625095145e+02 3.008678580323599405e+01 9.540209128479699530e+01
1.267374189964708791e+02 2.894511393547489320e+01 9.507012421768865806e+01
1.242838162600300222e+02 2.786897282991895253e+01 9.467988922952024211e+01
1.218042395967047611e+02 2.686126278521643584e+01 9.422623430434184399e+01
1.192993740029248499e+02 2.592431227013941353e+01 9.370423703740716803e+01
1.167702135906089609e+02 2.505950537670202038e+01 9.310908551141457679e+01
1.142181279436688044e+02 2.426699168849945210e+01 9.243619167539515047e+01
1.116445938491330310e+02 2.354594215256264533e+01 9.168167950273873146e+01
1.090518082061616951e+02 2.289347637821004255e+01 9.084183281345926275e+01
1.064416884160922478e+02 2.230620304669238863e+01 8.991425103218800530e+01
1.038170258413037459e+02 2.177835056066852104e+01 8.889683261874773734e+01
1.011803352956802371e+02 2.130375011507452143e+01 8.778879804483621285e+01
9.853427429825021022e+01 2.087528634277560968e+01 8.659024764671710273e+01
9.588237603511463192e+01 2.048374432056969496e+01 8.530191682337849102e+01
9.322689040418428874e+01 2.012181743893223285e+01 8.392595264765151342e+01
9.057059860644379512e+01 1.978108160623117229e+01 8.246499002893835950e+01
8.791644986273165330e+01 1.945277851391387358e+01 8.092234064237749180e+01
8.526709659438321864e+01 1.912878162314616404e+01 7.930195930476138244e+01
8.262432975826320103e+01 1.880269818892760370e+01 7.760817405236194588e+01
7.999011541676887305e+01 1.846805794574814286e+01 7.584553720334855598e+01
7.736613245423706076e+01 1.811916386352892872e+01 7.401873996886354234e+01
7.475375352057395162e+01 1.775111992314068132e+01 7.213249024975520740e+01
7.215404113726820867e+01 1.735981144044164992e+01 7.019140598509561357e+01
6.956775321648241572e+01 1.694185508218371439e+01 6.819992691049120026e+01
6.699564265071293789e+01 1.649404044031219740e+01 6.616240196332718426e+01
6.443871573890413629e+01 1.601286319361723187e+01 6.408326238216953641e+01
6.189615378685628855e+01 1.549798395434164355e+01 6.196574863433595226e+01
5.936764957691480049e+01 1.494818818596690591e+01 5.981310404000984704e+01
5.685392780414883163e+01 1.436053424292360425e+01 5.762914158642744411e+01
5.435437619623427707e+01 1.373424834686013973e+01 5.541662336559784308e+01
5.186706281603706969e+01 1.307057397720609515e+01 5.317698762616726782e+01
