2.300615518361604188e+02 2.407658484368325276e+02 2.406696963828533171e+02
2.283383573143477179e+02 2.399442620434588775e+02 2.399715433747684870e+02
2.266148226163098514e+02 2.391237974261843249e+02 2.392945155944051692e+02
2.248915150623291481e+02 2.383041949342712940e+02 2.386385067582132820e+02
2.231689817529552897e+02 2.374852108011371001e+02 2.380033673402411409e+02
2.214477493718410983e+02 2.366666166132874878e+02 2.373889090675287150e+02
2.197283238995629233e+02 2.358481988127891782e+02 2.367949093124166495e+02
2.180111903441613208e+02 2.350297581962966831e+02 2.362211153661918388e+02
2.162968125611113521e+02 2.342111093878332895e+02 2.356672485704271764e+02
2.145856332102638362e+02 2.333920802729239767e+02 2.351330082788076936e+02
2.128780738778688146e+02 2.325725113892686409e+02 2.346180756220501564e+02
2.111745353769492510e+02 2.317522552745521693e+02 2.341221170507942588e+02
2.094753982279991931e+02 2.309311757757147063e+02 2.336447876352390267e+02
2.077810233136301008e+02 2.301091473264180252e+02 2.331857341051682511e+02
2.060917526948297791e+02 2.292860542008347977e+02 2.327445976193099284e+02
2.044079105724869123e+02 2.284617897524922512e+02 2.323210162583055762e+02
2.027298129210282411e+02 2.276362535386008119e+02 2.319146197962099052e+02
2.010577562905030220e+02 2.268093537575540779e+02 2.315250416834361715e+02
1.993920150851729716e+02 2.259810073524864151e+02 2.311519248791025802e+02
1.977328513120500020e+02 2.251511371327927691e+02 2.307949163041955103e+02
1.960805156028273473e+02 2.243196711556437037e+02 2.304536683208279726e+02
1.944352486632625983e+02 2.234865420357016035e+02 2.301278396488728220e+02
1.927972827321599141e+02 2.226516862878483209e+02 2.298170960787911383e+02
1.911668430377537504e+02 2.218150437052861719e+02 2.295211109981812569e+02
1.895441492411386832e+02 2.209765567745504029e+02 2.292395657495759167e+02
1.879294168581751876e+02 2.201361701282388879e+02 2.289721498366528465e+02
1.863228586529159543e+02 2.192938300356535990e+02 2.287185609953767198e+02
1.847246859971186836e+02 2.184494839310112866e+02 2.284785051457221812e+02
1.831351101917053086e+02 2.176030799784720386e+02 2.282516962385979866e+02
1.815543437471781942e+02 2.167545666728899505e+02 2.280378560114770607e+02
1.799826282743503327e+02 2.159038878017231582e+02 2.278366804264414611e+02
1.784201532458176587e+02 2.150509968537118937e+02 2.276479405117727310e+02
1.768671396881702549e+02 2.141958416096781548e+02 2.274713824159740625e+02
1.753238164683531863e+02 2.133383685478908092e+02 2.273067561075523315e+02
1.737904195233305700e+02 2.124785229339127852e+02 2.271538170485773946e+02
1.722671928618624122e+02 2.116162486076616460e+02 2.270123256238911154e+02
1.707543895225560675e+02 2.107514877946156560e+02 2.268820465419876484e+02
1.692522724885431842e+02 2.098841809396509461e+02 2.267627482121911555e+02
1.677611155589425493e+02 2.090142665621076219e+02 2.266542021020113395e+02
1.662812041769680889e+02 2.081416811308105252e+02 2.265561820778965227e+02
1.648128362141949594e+02 2.072663589579028383e+02 2.264684637320172840e+02
1.633563227100711401e+02 2.063882321104856601e+02 2.263908236972101520e+02
1.619119885652578432e+02 2.055072303392079789e+02 2.263230389517799779e+02
1.604801731868444961e+02 2.046232810230866903e+02 2.262648861154952726e+02
1.590612310828906857e+02 2.037363091299863243e+02 2.262161407378203535e+02
1.576555324030978227e+02 2.028462371923245655e+02 2.261765765791939202e+02
1.562634524901843918e+02 2.019529859556836016e+02 2.261459859426027776e+02
1.548853971692610116e+02 2.010564725804613317e+02 2.261241330124458671e+02
1.535217902362081190e+02 2.001566118535016017e+02 2.261107752611344210e+02
1.521730690548474456e+02 1.992533164259330647e+02 2.261056722210186081e+02
1.508396884199910062e+02 1.983464966079498311e+02 2.261085779028919376e+02
1.495221206674993937e+02 1.974360604352086170e+02 2.261192400432077250e+02
1.482208556875913246e+02 1.965219137511681993e+02 2.261373993474612121e+02
1.469364008321725521e+02 1.956039603059332705e+02 2.261627887306430864e+02
1.456692807062035229e+02 1.946821018722672250e+02 2.261951325558913481e+02
1.444200368325587363e+02 1.937562383794972618e+02 2.262341458727324550e+02
1.431892271792183635e+02 1.928262680661179900e+02 2.262795336566056505e+02
1.419774255372347795e+02 1.918920876519403578e+02 2.263309900517064364e+02
1.407852207375829607e+02 1.909535925306761612e+02 2.263881976195598043e+02
1.396132156948577290e+02 1.900106769838743901e+02 2.264508265961516713e+02
1.384620174887556630e+02 1.890632325051089424e+02 2.265185681072869954e+02
1.373322399640562423e+02 1.881111470474490091e+02 2.265911318640650052e+02
1.362245464035922851e+02 1.871543172649240034e+02 2.266680576109860112e+02
1.351395836816689098e+02 1.861926353920504198e+02 2.267489583540382796e+02
1.340780049698454661e+02 1.852259939954857657e+02 2.268334311754105670e+02
1.330404674918747787e+02 1.842542863390949037e+02 2.269210566241369804e+02
1.320276300354806835e+02 1.832774067759945353e+02 2.270113981501835383e+02
1.310401502176036956e+02 1.822952511678314522e+02 2.271040015891374253e+02
1.300786815025927865e+02 1.813077173313241417e+02 2.271983947051791404e+02
1.291438699760917643e+02 1.803147055118402875e+02 2.272940868005003949e+02
1.282363508810838937e+02 1.793161188834851032e+02 2.273905683997705012e+02
1.273567448908508624e+02 1.783118526954576737e+02 2.274873959462391610e+02
1.265056618540075988e+02 1.773018117359752353e+02 2.275840488693514203e+02
1.256836848660864234e+02 1.762859253262708421e+02 2.276798478756034569e+02
1.248913670490336756e+02 1.752641141122280715e+02 2.277742047238230612e+02
1.241292300665441672e+02 1.742363046076525848e+02 2.278665121674801810e+02
1.233977595960475355e+02 1.732024298259458988e+02 2.279561443063438162e+02
1.226974007432435911e+02 1.721624299225433674e+02 2.280424570810847058e+02
1.220285534460192309e+02 1.711162528438710240e+02 2.281247889189844784e+02
1.213915679192173229e+02 1.700638549780386484e+02 2.282024615380420300e+02
1.207867789215137861e+02 1.690051710868940518e+02 2.282749254227651363e+02
1.202144016915212745e+02 1.679401992917969153e+02 2.283413494371538945e+02
1.196746001608575938e+02 1.668689338204572437e+02 2.284009708700843930e+02
1.191674804881161833e+02 1.657913721863638159e+02 2.284530535838764820e+02
1.186930786171442946e+02 1.647075235090850640e+02 2.284968514755813658e+02
1.182513572331029934e+02 1.636174090402772379e+02 2.285316103491203705e+02
1.178422031871726716e+02 1.625210626437668111e+02 2.285565699530674806e+02
1.174654403617362703e+02 1.614185229685752176e+02 2.285709945681297484e+02
1.171208156504440296e+02 1.603098418278097483e+02 2.285741429087465235e+02
1.168079351518282465e+02 1.591951171270910663e+02 2.285651680747505452e+02
1.165263637300897841e+02 1.580744381452489051e+02 2.285433082092745565e+02
1.162755861445568968e+02 1.569479082275959740e+02 2.285078081071575582e+02
1.160550082343575724e+02 1.558156448232119828e+02 2.284579219980169569e+02
1.158639587829278099e+02 1.546777794309185765e+02 2.283929163751819544e+02
1.157016881283435339e+02 1.535344592847961280e+02 2.283120681964822722e+02
1.155673529482009769e+02 1.523858554330389268e+02 2.282146485559085249e+02
1.154600680236717949e+02 1.512321399249108538e+02 2.280999828993591905e+02
1.153788824046603310e+02 1.500734989270266624e+02 2.279674169894761633e+02
1.153227871967304452e+02 1.489101308071806216e+02 2.278163231352589548e+02
1.152907209219972628e+02 1.477422454912682497e+02 2.276461026808780161e+02
1.152815752473712791e+02 1.465700637352771309e+02 2.274561883366402526e+02
1.152941863271076102e+02 1.453938226459955843e+02 2.272460347074563174e+02
1.153272321919655781e+02 1.442138211671671115e+02 2.270150419436820357e+02
1.153796159526453948e+02 1.430302572610929417e+02 2.267628490266123436e+02
1.154501040651679915e+02 1.418433860787233129e+02 2.264890370438909315e+02
1.155374481768076862e+02 1.406534687500527809e+02 2.261932270131406710e+02
1.156403914153365520e+02 1.394607713182500959e+02 2.258750807649255705e+02
1.157576745030674772e+02 1.382655636559718175e+02 2.255343015513039973e+02
1.158880416342329625e+02 1.370681183749794911e+02 2.251706343785520801e+02
1.160302133140317125e+02 1.358687233659229037e+02 2.247838497933107931e+02
1.161827330828638054e+02 1.346677464751898299e+02 2.243736747907175300e+02
1.163446222087968351e+02 1.334653644282328742e+02 2.239401041407454613e+02
1.165146945816572099e+02 1.322618488197266231e+02 2.234830504800934534e+02
1.166917920151847454e+02 1.310574687077481997e+02 2.230024656288313167e+02
1.168747877751496702e+02 1.298524897173295187e+02 2.224983394078541039e+02
1.170625896575749891e+02 1.286471732024863854e+02 2.219706982703249309e+02
1.172541426184898228e+02 1.274417754719840872e+02 2.214196037683719283e+02
1.174484309627791845e+02 1.262365470830030745e+02 2.208451508772270699e+02
1.176444801050351856e+02 1.250317322057801022e+02 2.202474661994735925e+02
1.178413579199391137e+02 1.238275680612222516e+02 2.196267060721451969e+02
1.180381757035099639e+02 1.226242844324632273e+02 2.189830545991186455e+02
1.182338512540210331e+02 1.214222026124049449e+02 2.183166807681585340e+02
1.184278263253821564e+02 1.202214354500012519e+02 2.176278712675991756e+02
1.186193543498764598e+02 1.190221842104463974e+02 2.169168819817678298e+02
1.188077253900631263e+02 1.178246445055314524e+02 2.161839867536299948e+02
1.189922725164391437e+02 1.166290032537652621e+02 2.154294767504151764e+02
1.191723709896935759e+02 1.154354386151793790e+02 2.146536584959139589e+02
1.193474372554949525e+02 1.142441199828735421e+02 2.138568519548236111e+02
1.195169277792754059e+02 1.130552080271655342e+02 2.130393886800716530e+02
1.196803377471642591e+02 1.118688547880268800e+02 2.122016100323471903e+02
1.198371996576839962e+02 1.106852038113929098e+02 2.113438654794083789e+02
1.199870818271347588e+02 1.095043903249140413e+02 2.104665109811554373e+02
1.201295868297839178e+02 1.083265414487598974e+02 2.095699074649556621e+02
1.202643498921348026e+02 1.071517764371923676e+02 2.086544193943323933e+02
1.203910372586610293e+02 1.059802069467716592e+02 2.077204134328497673e+02
1.205093445445545797e+02 1.048119373272525792e+02 2.067682572038908972e+02
1.206189950892093492e+02 1.036470649314492789e+02 2.057983181459999571e+02
1.207197383224369815e+02 1.024856804405930149e+02 2.048109624625771517e+02
1.208113481537531015e+02 1.013278682019690820e+02 2.038065541639486753e+02
1.208936213935183588e+02 1.001737065758951530e+02 2.027854541991879387e+02
1.209663762132863951e+02 9.902326828937574987e+01 2.017480196745388525e+02
1.210294506513679522e+02 9.787662079404987026e+01 2.006946031548685880e+02
1.210827011684259276e+02 9.673382662631964024e+01 1.996255520442513216e+02
1.211260012568096300e+02 9.559494376781032088e+01 1.985412080415529488e+02
1.211592401063676618e+02 9.446002600457340748e+01 1.974419066667310005e+02
1.211823213285979932e+02 9.332912328368009014e+01 1.963279768534811467e+02
1.211951617402489916e+02 9.220228206608305754e+01 1.951997406038391603e+02
1.211975877223234193e+02 9.107959155870159407e+01 1.940575601261735414e+02
1.211895553778524999e+02 8.996108524023826192e+01 1.929017429688156255e+02
1.211711033728445130e+02 8.884676139958870067e+01 1.917325499712270869e+02
1.211421922696544442e+02 8.773665508030626370e+01 1.905502719850147741e+02
1.211027905759445815e+02 8.663079954528052440e+01 1.893551918205675975e+02
1.210528738666544371e+02 8.552922660076123407e+01 1.881475841942120439e+02
1.209924239603230234e+02 8.443196691354131644e+01 1.869277157102282843e+02
1.209214281476872088e+02 8.333905032145950997e+01 1.856958448743549752e+02
1.208398784703502855e+02 8.225050613748986450e+01 1.844522221356299951e+02
1.207477710472330017e+02 8.116636344776193823e+01 1.831970899536424895e+02
1.206451054464519075e+02 8.008665140394980142e+01 1.819306828884898266e+02
1.205318841002629995e+02 7.901139951051830224e+01 1.806532277109524784e+02
1.204081117606925062e+02 7.794063790738861996e+01 1.793649435306161593e+02
1.202736500460740245e+02 7.687446312034448681e+01 1.780661637520430816e+02
1.201286375729573166e+02 7.581284819180370960e+01 1.767569926807271941e+02
1.199731174753863314e+02 7.475581126689058920e+01 1.754375979677951705e+02
1.198070998042370832e+02 7.370338742163573897e+01 1.741081672542201204e+02
1.196305945978745910e+02 7.265561381540283037e+01 1.727688813360956885e+02
1.194436115332393769e+02 7.161252996332537180e+01 1.714199143773847993e+02
1.192461596025941049e+02 7.057417800909152561e+01 1.700614341302578794e+02
1.190382468139661540e+02 6.954060299892795172e+01 1.686936021621847885e+02
1.188198799134092241e+02 6.851185315765152950e+01 1.673165740891066093e+02
1.185910304173290939e+02 6.748799499189382800e+01 1.659305389502311243e+02
1.183516858026773946e+02 6.646909065613033363e+01 1.645356644407553688e+02
1.181019208744164501e+02 6.545516729539218659e+01 1.631320049474432778e+02
1.178417346147049756e+02 6.444628895870248186e+01 1.617196924135876657e+02
1.175711234815425712e+02 6.344252441568297485e+01 1.602988541629830479e+02
1.172900812282442615e+02 6.244394746548360331e+01 1.588696131796551470e+02
1.169985987338472313e+02 6.145063725393134746e+01 1.574320883933282005e+02
1.166966638431498637e+02 6.046267859976774872e+01 1.559863949710784254e+02
1.163842612151415068e+02 5.948016233081725801e+01 1.545326446157622229e+02
1.160613659285276356e+02 5.850318814758731634e+01 1.530709556752630078e+02
1.157279787803929310e+02 5.753185074010707467e+01 1.516013976511538885e+02
1.153840770442040622e+02 5.656626027054645078e+01 1.501240659416608594e+02
1.150296299661105337e+02 5.560653617233879942e+01 1.486390603039582459e+02
1.146646028170324456e+02 5.465280583826871919e+01 1.471464788888744692e+02
1.142889567727068822e+02 5.370520502710476762e+01 1.456464186241403809e+02
1.139026487955239162e+02 5.276387828273362146e+01 1.441389756144768057e+02
1.135056315174546882e+02 5.182897936547841766e+01 1.426242455607049919e+02
1.130978715510210293e+02 5.090066565991605785e+01 1.411022862251110723e+02
1.126793375476374308e+02 4.997910362416201480e+01 1.395731362536113238e+02
1.122499367486446431e+02 4.906448889565422178e+01 1.380369525934987678e+02
1.118096014481042744e+02 4.815701802652973385e+01 1.364938345149704730e+02
1.113582589571171724e+02 4.725689912665449555e+01 1.349438837309848793e+02
1.108958314950816799e+02 4.636435232269113271e+01 1.333872050179595306e+02
1.104222360818882009e+02 4.547961021049328423e+01 1.318239068798706342e+02
1.099373844317772324e+02 4.460291829484010862e+01 1.302541022604983425e+02
1.094411828499092536e+02 4.373453540919320659e+01 1.286779093089368757e+02
1.089335607888280464e+02 4.287473018208712716e+01 1.270953687175649520e+02
1.084144363281763361e+02 4.202378977678220195e+01 1.255065308778841313e+02
1.078836478002962451e+02 4.118202467450984017e+01 1.239116752092225795e+02
1.073410771054732749e+02 4.034975161129117538e+01 1.223109527900190585e+02
1.067866003832453288e+02 3.952730194420484366e+01 1.207045251770849887e+02
1.062200879962341133e+02 3.871502165974809628e+01 1.190925656191640059e+02
1.056414045410417657e+02 3.791327125132803388e+01 1.174752603614489317e+02
1.050504088927106210e+02 3.712242543963499486e+01 1.158528100457209575e+02
1.044469542903558903e+02 3.634287270641021905e+01 1.142254312098596500e+02
1.038308884728099315e+02 3.557501460883029409e+01 1.125933578891546034e+02
1.032020538744355207e+02 3.481926483853083454e+01 1.109568433200316520e+02
1.025603098684917569e+02 3.407606069009702310e+01 1.093160463689970072e+02
1.019054875866564771e+02 3.334584383393546858e+01 1.076712468266259464e+02
1.012373869575464767e+02 3.262904200877301975e+01 1.060229085611670996e+02
1.005558323977038384e+02 3.192610053875692699e+01 1.043713855845507084e+02
9.986064560035620730e+01 3.123746654715158044e+01 1.027170610542035973e+02
9.915164640042165445e+01 3.056358559480754167e+01 1.010603493524928780e+02
9.842865380552719046e+01 2.990489778345486371e+01 9.940169815432490452e+01
9.769148721105619870e+01 2.926183329765649432e+01 9.774159044084244385e+01
9.693996781651128458e+01 2.863480737055229497e+01 9.608054640748703434e+01
9.617392025880427298e+01 2.802421467361347140e+01 9.441912520420828514e+01
9.539317447522547866e+01 2.743042314985966001e+01 9.275792643462685305e+01
9.459756780455067826e+01 2.685376733352613599e+01 9.109759132992755326e+01
9.378694732878756213e+01 2.629454122690188456e+01 8.943880350280532809e+01
9.296117245024744591e+01 2.575299083653614929e+01 8.778228917771845374e+01
9.212011768882383933e+01 2.522930650532121533e+01 8.612881678701685928e+01
9.126367567255304891e+01 2.472361521270042672e+01 8.447919581939063960e+01
9.039176028086700398e+01 2.423597305043437089e+01 8.283427480880123994e+01
8.950430988477442895e+01 2.376635811348953098e+01 8.119493835995261577e+01
8.860129061210759005e+01 2.331466407170760391e+01 7.956210312167998211e+01
8.768269954982127956e+01 2.288069470472297340e+01 7.793671264335438309e+01
8.674857075491158298e+01 2.246414431333691297e+01 7.631976130175620199e+01
8.579897598022509442e+01 2.206461261632536974e+01 7.471224699302037209e+01
8.483402481750010793e+01 2.168161116719940651e+01 7.311515139587237400e+01
8.385386913690162203e+01 2.131454998027093239e+01 7.152945960558123772e+01
8.285870383562203756e+01 2.096274389112712555e+01 6.995614287450007396e+01
8.184876739459221540e+01 2.062541770688977749e+01 6.839614772453398928e+01
8.082434156702377948e+01 2.030171352529546525e+01 6.685038468656446753e+01
7.978575012332653671e+01 1.999070009943129023e+01 6.531971698492421297e+01
7.873335661232412974e+01 1.969138402265688370e+01 6.380494951971090245e+01
7.766756114074304662e+01 1.940272241231610195e+01 6.230681851672932936e+01
7.658879621909949265e+01 1.912363668915267212e+01 6.082598221079065581e+01
7.549752176905955992e+01 1.885302698899954166e+01 5.936301290125366847e+01
7.439421943134483683e+01 1.858978670982124370e+01 5.791839066947289894e+01
7.327938635055514283e+01 1.833281669370594003e+01 5.649249897881966831e+01
7.215352864056912097e+01 1.808103857030011596e+01 5.508562229388556375e+01
7.101748156792965005e+01 1.783268716550012201e+01 5.369873476786286659e+01
6.987173733830299227e+01 1.758685103428017982e+01 5.233175148234781915e+01
6.871665809263167546e+01 1.734290719574612183e+01 5.098426962384471750e+01
6.755274246809001681e+01 1.709994647808394319e+01 4.965618800369735908e+01
6.638046666438224008e+01 1.685712739597054366e+01 4.834731852677902708e+01
6.520027969043702853e+01 1.661367920458785008e+01 4.705739408324235740e+01
6.401294025081222117e+01 1.636826783873354429e+01 4.578665269141648508e+01
6.281963925369268509e+01 1.611884423449557957e+01 4.453589199443307933e+01
6.161986842642799189e+01 1.586651494237912274e+01 4.330308107907077186e+01
6.041395007375088966e+01 1.561079201002298156e+01 4.208769974905640510e+01
5.920216567981339040e+01 1.535125292004081743e+01 4.088919238264100642e+01
5.798637893114843678e+01 1.508484164355329327e+01 3.970907064236548933e+01
5.676609649654648138e+01 1.481254828720271810e+01 3.854556579163333652e+01
5.554089673844556785e+01 1.453512696639510970e+01 3.739723376939173249e+01
5.431090526102163096e+01 1.425238004653365387e+01 3.626342424013871124e+01
