3.904476960636511063e+00 5.742751441183806094e+00 1.854582802656479856e+01
4.591401459495457971e+00 6.488606601393912321e+00 1.999679174790505698e+01
5.329839165818092361e+00 7.274263224931163840e+00 2.143981752242347127e+01
6.119537558999364357e+00 8.099474034406597411e+00 2.287541356169588624e+01
6.960928159960492856e+00 8.963019216970977254e+00 2.430825043777454653e+01
7.855091772433603126e+00 9.862655819909164734e+00 2.574639817272065656e+01
8.800010152209384984e+00 1.078638687362270154e+01 2.717861822646126058e+01
9.795467449498076462e+00 1.169788081199744134e+01 2.860529668640718270e+01
1.082676352181326429e+01 1.259690738357198470e+01 3.003799971390160195e+01
1.184673270747922658e+01 1.348564911522746002e+01 3.147148892531222941e+01
1.285613549332358119e+01 1.436616150264309155e+01 3.290052918865588794e+01
1.385613776802694375e+01 1.523813063336518070e+01 3.432910079015277205e+01
1.484865065057853784e+01 1.609964389409868346e+01 3.576761934967242240e+01
1.583205074575375271e+01 1.695460801846548549e+01 3.720250396267875459e+01
1.680677161031894684e+01 1.780348680872434386e+01 3.863393273019438112e+01
1.777520776702333904e+01 1.864282000039974818e+01 4.007837692228572735e+01
1.873577005440780852e+01 1.947642973274175660e+01 4.152186076079748744e+01
1.968850457399992138e+01 2.030519203686019125e+01 4.296241004831696841e+01
2.063508595999695316e+01 2.112638425818443721e+01 4.441328127007022175e+01
2.157484242758782500e+01 2.194203554324604610e+01 4.586750723481448233e+01
2.250734035807102273e+01 2.275387243800344805e+01 4.731913998017446232e+01
2.343385958444197570e+01 2.355942865095430960e+01 4.878030791427485724e+01
2.435404437525218668e+01 2.435998819798999193e+01 5.024689179045717680e+01
2.526733850956965455e+01 2.515762577726853522e+01 5.171106954691840230e+01
2.617483906298937768e+01 2.594963723155218460e+01 5.318608967508396290e+01
2.707609077297445310e+01 2.673761668962444205e+01 5.466617629980964210e+01
2.797067010590282266e+01 2.752346840141800399e+01 5.614390771686927195e+01
2.885957829155536913e+01 2.830375912014252293e+01 5.763602930758939635e+01
2.974206919530806204e+01 2.908143376936482483e+01 5.913032612379714692e+01
3.061802265499315112e+01 2.985753418137894855e+01 6.062299480100205074e+01
3.148819373638404073e+01 3.062794252428557229e+01 6.213434179231260401e+01
3.235171661432067225e+01 3.139743532952989113e+01 6.364313547607981292e+01
3.320885236431777798e+01 3.216438096737524432e+01 6.515805129767409198e+01
3.405957318186687388e+01 3.292798123957075518e+01 6.668404208287552137e+01
3.490360276524073413e+01 3.369132394984785606e+01 6.820720284008595513e+01
3.574098416872667627e+01 3.445069765731528122e+01 6.974669827690193813e+01
3.657151854469353935e+01 3.520950261786905600e+01 7.128689089878679397e+01
3.739511000782805183e+01 3.596694315957682164e+01 7.283268664585621366e+01
3.821148626273144799e+01 3.672211207019478252e+01 7.438979053312247913e+01
3.902084870730519128e+01 3.747810589894284306e+01 7.594334845524055311e+01
3.982230172163275483e+01 3.823056491676170054e+01 7.751706117297572973e+01
4.061649426896358506e+01 3.898431901663401788e+01 7.908674682283158575e+01
4.140250158398951186e+01 3.973633411263705995e+01 8.066956138753060657e+01
4.218063220368745903e+01 4.048880342783718334e+01 8.225484276048771903e+01
4.295036310981053163e+01 4.124097364361556117e+01 8.384779773493701782e+01
4.371145058274581174e+01 4.199315928780089990e+01 8.544789100133844784e+01
4.446390533714841808e+01 4.274613720050972887e+01 8.705186993445246912e+01
4.520688332134273679e+01 4.349908275219589626e+01 8.866576463307794143e+01
4.594089267295962742e+01 4.425359441671995597e+01 9.028141336850197263e+01
4.666461621912743851e+01 4.500838827453421231e+01 9.190785841173401138e+01
4.737884188067330626e+01 4.576524409792637726e+01 9.353554018003370629e+01
4.808209544931496282e+01 4.652302006851441973e+01 9.517303085231883131e+01
4.877503347610521445e+01 4.728312374076584490e+01 9.681278051678953034e+01
4.945654077988366026e+01 4.804505961069570930e+01 9.845954710529044007e+01
5.012652856417449243e+01 4.880941452665408775e+01 1.001110257783174831e+02
5.078496454866262155e+01 4.957672835687596802e+01 1.017650245442158194e+02
5.143019215575711911e+01 5.034644089812924506e+01 1.034274760297111300e+02
5.206419741497467868e+01 5.112038478584698709e+01 1.050863832887436473e+02
5.268272398709049043e+01 5.189666379160124166e+01 1.067585940399396094e+02
5.328913451868186257e+01 5.267770242337607556e+01 1.084268218497075082e+02
5.388069781311964590e+01 5.346266662755500221e+01 1.101000686596288318e+02
5.445729158189224961e+01 5.425211773635899704e+01 1.117760387998059741e+02
5.502019885657834664e+01 5.504700197576917020e+01 1.134481321431194090e+02
5.556520040930806914e+01 5.584645085745598436e+01 1.151279524921309303e+02
5.609493971576808491e+01 5.665184084818873345e+01 1.168044113350711370e+02
5.660924334649517675e+01 5.746350192354675812e+01 1.184762979385425723e+02
5.710366470412897399e+01 5.828097553638103534e+01 1.201534628537982456e+02
5.758137795909956935e+01 5.910542125599249630e+01 1.218248659550973088e+02
5.804183484898205592e+01 5.993710745944749618e+01 1.234901040744353367e+02
5.848198381098324461e+01 6.077608013570993961e+01 1.251540312400161383e+02
5.890258012070483318e+01 6.162290798400283620e+01 1.268124538532958212e+02
5.930417444860062659e+01 6.247801428535080248e+01 1.284621954082244599e+02
5.968617253520004340e+01 6.334169428490414333e+01 1.301025802124561039e+02
6.004585449231469596e+01 6.421424304195673471e+01 1.317364080682483518e+02
6.038426183671779057e+01 6.509606572197655794e+01 1.333595841218667886e+02
6.070170592835827250e+01 6.598746021784144489e+01 1.349697139331787810e+02
6.099776375152125496e+01 6.688869747867965998e+01 1.365656949403967531e+02
6.127207542207569446e+01 6.780003466027110903e+01 1.381463204488286465e+02
6.152360466543178319e+01 6.872177201953962822e+01 1.397112020356412359e+02
6.175198663809468513e+01 6.965416992167205024e+01 1.412589657255063287e+02
6.195831043137531680e+01 7.059730974962684513e+01 1.427867107495464722e+02
6.214258891885618397e+01 7.155131706984349194e+01 1.442930233813435166e+02
6.230495086544653560e+01 7.251627526656089628e+01 1.457764616601084242e+02
6.244565000775263286e+01 7.349222048014294728e+01 1.472355753755349212e+02
6.256507265664743045e+01 7.447913722233249700e+01 1.486689271546897260e+02
6.266374353929010255e+01 7.547695483907094172e+01 1.500751141592116369e+02
6.274232962931207425e+01 7.648554497119781104e+01 1.514527898515486868e+02
6.280164175898606516e+01 7.750472013422294992e+01 1.528006852596237479e+02
6.284263386472155588e+01 7.853423350147741644e+01 1.541176291636866722e+02
6.286639978508208060e+01 7.957377993198323907e+01 1.554025666492745472e+02
6.287416760552545725e+01 8.062299823768762508e+01 1.566545755164762568e+02
6.286729162246554381e+01 8.168147463701826894e+01 1.578728801064740139e+02
6.284724207673909291e+01 8.274874729599436307e+01 1.590568621981322792e+02
6.281559287884954301e+01 8.382431181722778035e+01 1.602060687350804074e+02
6.277400761138642338e+01 8.490762750359849065e+01 1.613202162609493371e+02
6.272422414440858063e+01 8.599812419911334871e+01 1.623991920601813206e+02
6.266803823487454395e+01 8.709520949564334558e+01 1.634430521171334760e+02
6.260728650002529605e+01 8.819827609123100842e+01 1.644520161106133003e+02
6.254382915680928079e+01 8.930670909299196580e+01 1.654264597492457085e+02
6.247953290588802133e+01 9.041989307412113419e+01 1.663669048213639883e+02
6.241625431135035029e+01 9.153721871839631774e+01 1.672740073793427769e+02
6.235582398860308473e+01 9.265808891476783060e+01 1.681485445020498446e+02
6.230003186599279275e+01 9.378192419688653558e+01 1.689914000815207942e+02
6.225061373375503848e+01 9.490816745561322421e+01 1.698035500634566688e+02
6.220923923995543703e+01 9.603628788472610722e+01 1.705860475390175850e+02
6.217750143991727896e+01 9.716578414964132548e+01 1.713400080414311049e+02
6.215694273524831459e+01 9.829617723740007307e+01 1.720666031438843788e+02
6.214900463572341494e+01 9.942702362887722245e+01 1.727670416758163867e+02
6.215496712137564828e+01 1.005579318199969663e+02 1.734425398338660216e+02
6.217603654620895526e+01 1.016885375397493760e+02 1.740943291157161070e+02
6.221331478495709177e+01 1.028185112906853220e+02 1.747236408018871430e+02
6.226779809169434543e+01 1.039475577110747651e+02 1.753316970682174656e+02
6.234037712696063238e+01 1.050754145725320399e+02 1.759197032962773619e+02
6.243183803027078937e+01 1.062018514857882678e+02 1.764888415442153757e+02
6.254286441278451747e+01 1.073266683822222092e+02 1.770402651182912450e+02
6.267404014614749030e+01 1.084496938324562194e+02 1.775750941692698177e+02
6.282585282722602926e+01 1.095707832563325752e+02 1.780944122272548498e+02
6.299869780408786113e+01 1.106898170713122056e+02 1.785992635826346202e+02
6.319288265554614981e+01 1.118066988191315545e+02 1.790906514187912535e+02
6.340863202439920343e+01 1.129213533036638637e+02 1.795695366032915103e+02
6.364609271282400016e+01 1.140337247665332683e+02 1.800368370477056033e+02
6.390533895693505428e+01 1.151437751212343130e+02 1.804934275513320756e+02
6.418637780602566068e+01 1.162514822613813976e+02 1.809401400503934667e+02
6.448915454040077577e+01 1.173568384542518146e+02 1.813777642012259150e+02
6.481355806977246914e+01 1.184598488269988366e+02 1.818070482332540507e+02
6.515942626191520048e+01 1.195605299497436391e+02 1.822287000148207881e+02
6.552655115860331136e+01 1.206589085171584799e+02 1.826433882820131203e+02
6.591468404268347570e+01 1.217550201280864570e+02 1.830517439873289618e+02
6.632354032654495768e+01 1.228489081611104865e+02 1.834543617312709216e+02
6.675280423813958919e+01 1.239406227427618461e+02 1.838518012456594022e+02
6.720213328612950932e+01 1.250302198041541146e+02 1.842445889026096495e+02
6.767116249066489786e+01 1.261177602212091529e+02 1.846332192277043021e+02
6.815950837073559399e+01 1.272033090332473790e+02 1.850181563999393859e+02
6.866677268302593973e+01 1.282869347345028643e+02 1.853998357245430100e+02
6.919254591069910987e+01 1.293687086330613738e+02 1.857786650678133640e+02
6.973641050362094518e+01 1.304487042717601923e+02 1.861550262457217570e+02
7.029794387416217205e+01 1.315269969057265484e+02 1.865292763602376453e+02
7.087672115497720426e+01 1.326036630314179376e+02 1.869017490791783587e+02
7.147231772700580166e+01 1.336787799622653097e+02 1.872727558569325481e+02
7.208431152747678539e+01 1.347524254462810802e+02 1.876425870946734449e+02
7.271228514887692995e+01 1.358246773212688936e+02 1.880115132397094442e+02
7.335582774076344492e+01 1.368956132035555697e+02 1.883797858244560359e+02
7.401453672693648400e+01 1.379653102064432062e+02 1.887476384461738235e+02
7.468801935091731536e+01 1.390338446848496972e+02 1.891152876891358119e+02
7.537589406287170846e+01 1.401012920028688598e+02 1.894829339912872115e+02
7.607779176118501141e+01 1.411677263212217497e+02 1.898507624577609931e+02
7.679335690177879314e+01 1.422332204018016171e+02 1.902189436238372480e+02
7.752224848803996338e+01 1.432978454267225175e+02 1.905876341700846979e+02
7.826414095390596515e+01 1.443616708294790669e+02 1.909569775925374699e+02
7.901872495227091520e+01 1.454247641359894203e+02 1.913271048308231457e+02
7.978570806038061392e+01 1.464871908134616945e+02 1.916981348571997046e+02
8.056481541343890740e+01 1.475490141251495118e+02 1.920701752294814071e+02
8.135579027705381350e+01 1.486102949891953813e+02 1.924433226108356791e+02
8.215839456865116119e+01 1.496710918398620436e+02 1.928176632594434636e+02
8.297240933739224999e+01 1.507314604895435366e+02 1.931932734910082843e+02
8.379763521158099593e+01 1.517914539900284012e+02 1.935702201171082493e+02
8.463389282197279329e+01 1.528511224915552873e+02 1.939485608623996882e+02
8.548102320884163419e+01 1.539105130982521246e+02 1.943283447637000165e+02
8.633888822009504338e+01 1.549696697186052177e+02 1.947096125540222431e+02
8.720737090717665296e+01 1.560286329096370253e+02 1.950923970346852911e+02
8.808637592493086288e+01 1.570874397135076208e+02 1.954767234386993096e+02
8.897582994103230192e+01 1.581461234852892233e+02 1.958626097887255639e+02
8.987568206000581483e+01 1.592047137106850698e+02 1.962500672530254917e+02
9.078590426624825227e+01 1.602632358124999143e+02 1.966391005029607300e+02
9.170649188981538202e+01 1.613217109447012376e+02 1.970297080757738399e+02
9.263746409802809012e+01 1.623801557729557032e+02 1.974218827465811046e+02
9.357886441521206677e+01 1.634385822405743056e+02 1.978156119137236431e+02
9.453076127198998790e+01 1.644969973188763390e+02 1.982108780018816958e+02
9.549324858460137477e+01 1.655554027410732942e+02 1.986076588876269966e+02
9.646644636362341885e+01 1.666137947188915120e+02 1.990059283523906402e+02
9.745050135019153004e+01 1.676721636413153362e+02 1.994056565681415236e+02
9.844558767635855645e+01 1.687304937550302952e+02 1.998068106214070099e+02
9.945190710651149857e+01 1.697887744130056831e+02 2.002092606646527315e+02
1.004696981232724795e+02 1.708469985010929406e+02 2.006127743244202009e+02
1.014992295533435822e+02 1.719050989203555275e+02 2.010175501040767472e+02
1.025407954973789657e+02 1.729630312511199861e+02 2.014235464014418255e+02
1.035947212617473241e+02 1.740207429427276793e+02 2.018307221292138252e+02
1.046613639947984069e+02 1.750781728836031448e+02 2.022390376540483885e+02
1.057411132540520953e+02 1.761352509620513160e+02 2.026484558276431756e+02
1.068343914761499889e+02 1.771918976223879838e+02 2.030589431176417463e+02
1.079416941951605367e+02 1.782480462963114576e+02 2.034702048696700842e+02
1.090635798506177139e+02 1.793036172566091011e+02 2.038819176131014785e+02
1.102005137048188175e+02 1.803584531710839656e+02 2.042945623416885041e+02
1.113530581686028427e+02 1.814124305795071734e+02 2.047081341518853037e+02
1.125218083417939994e+02 1.824654143614957320e+02 2.051226399256582908e+02
1.137074967405007726e+02 1.835172799534232126e+02 2.055377063366599941e+02
1.149109299304484892e+02 1.845678807445102052e+02 2.059529679894981768e+02
1.161326236069859448e+02 1.856169967017036129e+02 2.063692096014058279e+02
1.173732945513909556e+02 1.866644414546200323e+02 2.067865118762869372e+02
1.186339797138682002e+02 1.877100393843933261e+02 2.072041943624683142e+02
1.199154618691861174e+02 1.887535596554152448e+02 2.076224951028007126e+02
1.212182889238439429e+02 1.897947552673747680e+02 2.080422153288955087e+02
1.225435647423728369e+02 1.908333954219188797e+02 2.084628642801079366e+02
1.238922450063786300e+02 1.918692178308568259e+02 2.088844531030235316e+02
1.252646731520683119e+02 1.929019592543131978e+02 2.093081878851189970e+02
1.266623139839618517e+02 1.939313335357018389e+02 2.097331353184219722e+02
1.280854442253016146e+02 1.949570742280178877e+02 2.101605529975063575e+02
1.295348496372344016e+02 1.959789036628403096e+02 2.105906995764169949e+02
1.310114279417228147e+02 1.969965284340612186e+02 2.110236669131288920e+02
1.325151530539126838e+02 1.980097275923993152e+02 2.114607992453674683e+02
1.340470944943842539e+02 1.990181957224631901e+02 2.119018090502314067e+02
1.356066900858710653e+02 2.000217882301070347e+02 2.123484306176045493e+02
1.371946910681244276e+02 2.010202419553583297e+02 2.128005844691583661e+02
1.388102694938618811e+02 2.020134861998738813e+02 2.132598936670347882e+02
1.404534630746947528e+02 2.030013705797615557e+02 2.137267897535779468e+02
1.421233536114495450e+02 2.039838905529201156e+02 2.142025288152583187e+02
1.438190994721841207e+02 2.049610626935680386e+02 2.146880470463703716e+02
1.455397073667008385e+02 2.059329537569660999e+02 2.151842202198115785e+02
1.472836087253954247e+02 2.068997529862562601e+02 2.156922179866726026e+02
1.490495506955267615e+02 2.078616325905383349e+02 2.162127278681622329e+02
1.508356640396823707e+02 2.088189013957897373e+02 2.167467546197041202e+02
1.526402547619831580e+02 2.097718734774424547e+02 2.172949771108784205e+02
1.544614212125102597e+02 2.107209330017862499e+02 2.178580754193791620e+02
1.562974570555196578e+02 2.116664581933920886e+02 2.184364596305052260e+02
1.581461580302595848e+02 2.126089538632104450e+02 2.190307643122363856e+02
1.600061817856606012e+02 2.135487809835414623e+02 2.196409665156894562e+02
1.618753399454148791e+02 2.144864953442353510e+02 2.202675207074273374e+02
1.637523924944255782e+02 2.154224785899235428e+02 2.209102439678828489e+02
1.656356281532437720e+02 2.163572288155114336e+02 2.215692131465160912e+02
1.675237102307106625e+02 2.172911802552194729e+02 2.222442676073248151e+02
1.694155177592807888e+02 2.182247311397184433e+02 2.229351293355030919e+02
1.713096967763100906e+02 2.191583439089884848e+02 2.236416494141913631e+02
1.732055981953362220e+02 2.200923272072212455e+02 2.243633251681057459e+02
1.751019974170932301e+02 2.210271310494644013e+02 2.250999662000653814e+02
1.769985150890639432e+02 2.219630100250194005e+02 2.258509844684289760e+02
1.788941970287607148e+02 2.229003608264769127e+02 2.266160959528520777e+02
1.807887456853288199e+02 2.238394226407760925e+02 2.273947297737027498e+02
1.826815494390580454e+02 2.247805138990420630e+02 2.281864864725656332e+02
1.845722908144453527e+02 2.257238807540547043e+02 2.289908552617351063e+02
1.864606665809474748e+02 2.266697659082428231e+02 2.298073416076778415e+02
1.883463569219555609e+02 2.276184170208304351e+02 2.306354758893826045e+02
1.902292220751120055e+02 2.285700347720380137e+02 2.314747272717686712e+02
1.921090691577045959e+02 2.295248337538162957e+02 2.323245994064844524e+02
1.939856946360014263e+02 2.304830321433182121e+02 2.331846067534874294e+02
1.958592296738564187e+02 2.314447571263670227e+02 2.340541318964587276e+02
1.977292027018264662e+02 2.324103019790952658e+02 2.349327962386063575e+02
1.995961157510124622e+02 2.333796918914489140e+02 2.358198258423358027e+02
2.014592423618604187e+02 2.343532959863743486e+02 2.367149166481933946e+02
2.033192978563254201e+02 2.353310810698522744e+02 2.376171749414294823e+02
2.051753868922955633e+02 2.363134731415792942e+02 2.385263054077697689e+02
2.070284443076810703e+02 2.373003808467241527e+02 2.394412536327477028e+02
2.088771912777007458e+02 2.382923546436055346e+02 2.403617770645174687e+02
2.107230625366842673e+02 2.392891682326286116e+02 2.412864927045736181e+02
2.125643764445716783e+02 2.402915102538336498e+02 2.422151625062855089e+02
2.144021032431226104e+02 2.412993090163498664e+02 2.431463771391907187e+02
2.162354291024546171e+02 2.423130303122024714e+02 2.440793044813879078e+02
2.180634922409196577e+02 2.433331757930304207e+02 2.450129790266622365e+02
2.198871609429852754e+02 2.443597602697090565e+02 2.459454672480884199e+02
2.217046013567892544e+02 2.453936279754836676e+02 2.468757489925786501e+02
2.235147344503375280e+02 2.464354373585442204e+02 2.478021924232507729e+02
2.253162824548066112e+02 2.474859494782823788e+02 2.487229032483542426e+02
2.271074388897562244e+02 2.485461319705127323e+02 2.496358442540208102e+02
2.288858958710045783e+02 2.496171550468800433e+02 2.505388139648940182e+02
2.306478423920387684e+02 2.507006746332112925e+02 2.514301472280926930e+02
2.323891638286998500e+02 2.517984612288825303e+02 2.523082873869040839e+02
2.341051204820720102e+02 2.529124516503815130e+02 2.531723802770275142e+02
