2.546369640686922651e+02 2.456406181370767285e+02 2.442363234289733498e+02
2.533404197864122409e+02 2.446565784175200520e+02 2.426830714099820341e+02
2.520271434055881628e+02 2.436852144883044105e+02 2.411238262447980105e+02
2.506917933176252404e+02 2.427275555993013541e+02 2.395689378084336170e+02
2.493335361377007757e+02 2.417830321248759731e+02 2.380263061913509830e+02
2.479587026611626186e+02 2.408481272476924744e+02 2.365040915933564065e+02
2.465741331054777561e+02 2.399199301304410312e+02 2.350027803448276700e+02
2.451841987113020878e+02 2.389970725492235317e+02 2.335177944539696000e+02
2.437935416822725188e+02 2.380778266057609187e+02 2.320471134812820253e+02
2.424039067557194471e+02 2.371617749672780633e+02 2.305874877897879003e+02
2.410148757070545003e+02 2.362494130778026147e+02 2.291352921401332026e+02
2.396266715253279926e+02 2.353407152573547023e+02 2.276894556453129610e+02
2.382392685346561336e+02 2.344356906479364682e+02 2.262495508504664201e+02
2.368518746808297237e+02 2.335346985409069305e+02 2.248147110244131568e+02
2.354632210068761253e+02 2.326383130522225429e+02 2.233837821403229498e+02
2.340738160920528230e+02 2.317461631098856856e+02 2.219579314639248651e+02
2.326832408106774608e+02 2.308583623909400444e+02 2.205371883537064548e+02
2.312905685564926728e+02 2.299752816815150425e+02 2.191209958347473901e+02
2.298954862269702915e+02 2.290969729315280858e+02 2.177095255233776356e+02
2.284983173994149297e+02 2.282231695339685302e+02 2.163036273542632841e+02
2.270988335710397052e+02 2.273538906329941085e+02 2.149034705062280182e+02
2.256963244984615642e+02 2.264893947707293478e+02 2.135086922779856593e+02
2.242905658234985538e+02 2.256296954771823096e+02 2.121194589038026379e+02
2.228819667137930480e+02 2.247744988242656632e+02 2.107365558998859854e+02
2.214703799152563306e+02 2.239237889074505574e+02 2.093601520345119411e+02
2.200556498613430279e+02 2.230775542961565918e+02 2.079903951654019636e+02
2.186367102454102280e+02 2.222362146111229890e+02 2.066265846829172688e+02
2.172144144051574983e+02 2.213992734182153868e+02 2.052698284418648029e+02
2.157886457844847712e+02 2.205667013331503199e+02 2.039202826075047312e+02
2.143592914632613144e+02 2.197384670679307703e+02 2.025781010611763691e+02
2.129262412845933454e+02 2.189145377126544361e+02 2.012434358181135678e+02
2.114886146032461625e+02 2.180952288719215915e+02 1.999158217476299058e+02
2.100470261268213505e+02 2.172801718217637017e+02 1.985960218355452582e+02
2.086014480002666858e+02 2.164692947255861100e+02 1.972842457987591445e+02
2.071517768856222119e+02 2.156625595406821105e+02 1.959806400517652492e+02
2.056979100217442635e+02 2.148599271898546021e+02 1.946853506355163859e+02
2.042397450488539334e+02 2.140613575794239409e+02 1.933985234319409585e+02
2.027767388013394907e+02 2.132669987608247766e+02 1.921200154356251062e+02
2.013090266513705728e+02 2.124767025313094564e+02 1.908501527739140045e+02
1.998367415517419090e+02 2.116903245055946741e+02 1.895892382957532334e+02
1.983597825842911391e+02 2.109078205055523938e+02 1.883374165852152089e+02
1.968780488048832922e+02 2.101291453029137131e+02 1.870948325871447935e+02
1.953914392260614932e+02 2.093542525894826554e+02 1.858616316483351909e+02
1.938998528085300279e+02 2.085830949456582175e+02 1.846379595369342042e+02
1.924031884588561354e+02 2.078156238080417211e+02 1.834239624423649957e+02
1.909013450313314024e+02 2.070517894367061160e+02 1.822197869578791085e+02
1.893940848769553611e+02 2.062915945661280261e+02 1.810255172359803453e+02
1.878812392984133623e+02 2.055350116851477367e+02 1.798412792066158659e+02
1.863629469358306778e+02 2.047818924335683164e+02 1.786673333444488208e+02
1.848391069343150264e+02 2.040321822965240415e+02 1.775038251861748506e+02
1.833096183789409110e+02 2.032858254424968720e+02 1.763509003968035813e+02
1.817743803017996527e+02 2.025427646917797802e+02 1.752087046886290977e+02
1.802332916878006017e+02 2.018029414855506900e+02 1.740773837331757079e+02
1.786862514792068737e+02 2.010662958554435136e+02 1.729570830671965780e+02
1.771331585790345002e+02 2.003327663934745431e+02 1.718479479937029737e+02
1.755739118535458658e+02 1.996022902221541528e+02 1.707501234788952047e+02
1.740084101342118572e+02 1.988748029645856832e+02 1.696637540457678881e+02
1.724365522195962228e+02 1.981502387143443116e+02 1.685889836650601410e+02
1.708582368777462648e+02 1.974285300049046725e+02 1.675259556441212965e+02
1.692733628497529992e+02 1.967096077783821499e+02 1.664748125141635455e+02
1.676818288552628644e+02 1.959934013533399479e+02 1.654356959162715555e+02
1.660835336008075274e+02 1.952798383914128806e+02 1.644087464864377068e+02
1.644783757919246057e+02 1.945688448624928242e+02 1.633941037397912908e+02
1.628662541501416285e+02 1.938603450082251811e+02 1.623919059540855869e+02
1.612470674359977352e+02 1.931542613035659599e+02 1.614022900524069257e+02
1.596207144793787620e+02 1.924505144161577164e+02 1.604253914849644786e+02
1.579868047967902385e+02 1.917491144385620316e+02 1.594613156362541417e+02
1.563453757562102169e+02 1.910499318008198202e+02 1.585102197807246966e+02
1.546964360877260560e+02 1.903528460345827114e+02 1.575722484480694732e+02
1.530398851752414942e+02 1.896577696776095365e+02 1.566475316327920666e+02
1.513756227966499353e+02 1.889646132061958781e+02 1.557361972066371436e+02
1.497035492355618089e+02 1.882732849757316274e+02 1.548383707858448304e+02
1.480235654134677930e+02 1.875836911576391799e+02 1.539541755933384763e+02
1.463355730446943994e+02 1.868957356726167802e+02 1.530837323148352596e+02
1.446393586754827538e+02 1.862093530402453325e+02 1.522271615448186424e+02
1.429342743691151725e+02 1.855245952288684634e+02 1.513846035731573920e+02
1.412208500749234759e+02 1.848411788300829244e+02 1.505561669683816604e+02
1.394989927732941339e+02 1.841589974548523116e+02 1.497419620269379834e+02
1.377686115208733497e+02 1.834779420489483641e+02 1.489420956098140891e+02
1.360296178148695958e+02 1.827979008025231167e+02 1.481566709313503907e+02
1.342812831747960161e+02 1.821189254946120570e+02 1.473858547956772611e+02
1.325237615618815141e+02 1.814408303179262987e+02 1.466297398596290975e+02
1.307573383721122866e+02 1.807633983121216374e+02 1.458883847463943368e+02
1.289819401112566482e+02 1.800865049392560877e+02 1.451618766321941791e+02
1.271971759504613573e+02 1.794101004979029597e+02 1.444503481094150743e+02
1.254024024003894198e+02 1.787341879813930916e+02 1.437539861680796776e+02
1.235984276466965781e+02 1.780584192748325165e+02 1.430727383345908947e+02
1.217852051708472061e+02 1.773826551791563304e+02 1.424066699211850278e+02
1.199619284593643727e+02 1.767069258702688330e+02 1.417559975297912729e+02
1.181287151805242956e+02 1.760310425471205917e+02 1.411207682820467539e+02
1.162861390000133639e+02 1.753547186371995679e+02 1.405009120868252523e+02
1.144337548402328508e+02 1.746778925330999357e+02 1.398965709933800099e+02
1.125709571629225536e+02 1.740005270351650779e+02 1.393079424748013651e+02
1.106988124812068861e+02 1.733222331532317924e+02 1.387348052147169994e+02
1.088168127166573527e+02 1.726429525881616769e+02 1.381773179048548741e+02
1.069245482428568437e+02 1.719625975656257424e+02 1.376356303334648601e+02
1.050231392829191606e+02 1.712807811354900025e+02 1.371094525690496084e+02
1.031116342289086560e+02 1.705975190218671003e+02 1.365990824145567899e+02
1.011906781970137814e+02 1.699125195770871812e+02 1.361043491053293053e+02
9.926080320583547234e+01 1.692255212338496051e+02 1.356250918775698153e+02
9.732101934993301029e+01 1.685365315545061264e+02 1.351616491675958969e+02
9.537305189596644084e+01 1.678450849383984007e+02 1.347134507010009941e+02
9.341589137587060065e+01 1.671511894469111610e+02 1.342808514587026991e+02
9.145087766530974704e+01 1.664544623015367506e+02 1.338633809761380178e+02
8.947787392786698035e+01 1.657547692408515445e+02 1.334610917509117769e+02
8.749757239046154211e+01 1.650518484141271074e+02 1.330737298262490924e+02
8.551056658363989982e+01 1.643454627202679887e+02 1.327010708647410979e+02
8.351729663899996581e+01 1.636354048262139997e+02 1.323429528482741659e+02
8.151876810553805797e+01 1.629213974401138785e+02 1.319989799279429974e+02
7.951549633204005829e+01 1.622032423142560162e+02 1.316689624231244693e+02
7.750865796112567807e+01 1.614806659011517525e+02 1.313524277224028651e+02
7.549908226509587905e+01 1.607534546925698464e+02 1.310490585813143412e+02
7.348796917105167381e+01 1.600213648615664681e+02 1.307583766958923945e+02
7.147659552521035664e+01 1.592841628666741087e+02 1.304798720006998280e+02
6.946613925282237290e+01 1.585416448767843747e+02 1.302130957652991867e+02
6.745834493338537641e+01 1.577935687154411255e+02 1.299573277196981849e+02
6.545442503895363018e+01 1.570397689429128434e+02 1.297121389550395065e+02
6.345648076704677720e+01 1.562800189007530491e+02 1.294766508255871145e+02
6.146596831722027332e+01 1.555141776122201804e+02 1.292503587273992878e+02
5.948510315295690987e+01 1.547420652962417194e+02 1.290323621651095323e+02
5.751580327024293382e+01 1.539635563476247739e+02 1.288219611558282907e+02
5.556029279936684873e+01 1.531785310298079992e+02 1.286183115514649273e+02
5.362080378853281815e+01 1.523868994960813552e+02 1.284206066705985734e+02
5.169979967035264679e+01 1.515885887674004948e+02 1.282279334459711038e+02
4.979957822495909880e+01 1.507835644596052873e+02 1.280395551509032828e+02
4.792302666038249725e+01 1.499717962586636588e+02 1.278543559948344495e+02
4.607240629084142114e+01 1.491533079450901766e+02 1.276717802323071993e+02
4.425088396899261767e+01 1.483281234380275464e+02 1.274905985343268924e+02
4.246089158756797133e+01 1.474963117924393430e+02 1.273103171062058721e+02
4.070565094112502891e+01 1.466579565289868015e+02 1.271297844600782128e+02
3.898789604767826233e+01 1.458131665286271357e+02 1.269484660472789557e+02
3.731086755674856903e+01 1.449620779148512213e+02 1.267653511887555879e+02
3.567754805926612249e+01 1.441048365045011224e+02 1.265799191223145925e+02
3.409125871653029805e+01 1.432416235567950480e+02 1.263912388925062942e+02
3.255515467533837892e+01 1.423726086330148348e+02 1.261989552406786288e+02
3.107265761224694955e+01 1.414980224795232004e+02 1.260020425825741057e+02
2.964710973929274829e+01 1.406180252899553125e+02 1.258005667071331430e+02
2.828183884520561975e+01 1.397329247517464523e+02 1.255931173154223757e+02
2.698050114448484749e+01 1.388428426188925471e+02 1.253802667639152162e+02
2.574610374806291091e+01 1.379481251393273453e+02 1.251606326230923827e+02
2.458229929880100784e+01 1.370489295350547252e+02 1.249345128615681659e+02
2.349240059418415782e+01 1.361454891869529149e+02 1.247015784084448882e+02
2.247853127331577738e+01 1.352381576632127462e+02 1.244608368479773333e+02
2.154452407993671059e+01 1.343270230033901953e+02 1.242129795985742220e+02
2.069215960696469736e+01 1.334123892915504825e+02 1.239573775769801927e+02
1.992243936738313081e+01 1.324945630201567326e+02 1.236935066184642409e+02
1.923799814419254162e+01 1.315736294253354686e+02 1.234219565962615519e+02
1.863941386669653610e+01 1.306498149831087119e+02 1.231425582528297724e+02
1.812379876767924713e+01 1.297235568156444856e+02 1.228542798716895135e+02
1.769263416524422539e+01 1.287948455274847674e+02 1.225580478203138455e+02
1.734410693500186085e+01 1.278638829443758311e+02 1.222538105787638187e+02
1.707554926172288745e+01 1.269308652448210779e+02 1.219415385129060496e+02
1.688044430510622718e+01 1.259962052964447281e+02 1.216204420659578744e+02
1.675747296113899409e+01 1.250598730554007147e+02 1.212913417185328768e+02
1.670204306011506290e+01 1.241220374889137048e+02 1.209542876955303115e+02
1.670904346473907864e+01 1.231828665939567173e+02 1.206093246746906118e+02
1.677306834037090510e+01 1.222425214533686244e+02 1.202565116627164485e+02
1.688782647620554300e+01 1.213012084718722576e+02 1.198957681092992544e+02
1.704680047925558384e+01 1.203591431372227589e+02 1.195269995202575615e+02
1.724634523016603538e+01 1.194163363648147396e+02 1.191506843958874526e+02
1.748120578399140967e+01 1.184729195127417682e+02 1.187669262530949652e+02
1.774638191655122199e+01 1.175290171136356747e+02 1.183758368556000704e+02
1.803717964634160609e+01 1.165847469668785124e+02 1.179775352649097044e+02
1.834924388525469752e+01 1.156402202525935223e+02 1.175721469533569916e+02
1.867857498544262640e+01 1.146955416640016523e+02 1.171598029785848780e+02
1.902153224145883570e+01 1.137508095549687113e+02 1.167406392183589929e+02
1.937482735373194487e+01 1.128061160998100405e+02 1.163147956641817728e+02
1.973551058579007744e+01 1.118615474626570290e+02 1.158824157718411385e+02
2.010095195816908031e+01 1.109171839739343000e+02 1.154436458667588852e+02
2.046881939433556497e+01 1.099731003117244512e+02 1.149986346017933556e+02
2.083705531957387791e+01 1.090293656860232545e+02 1.145475324650014102e+02
2.120385284229485734e+01 1.080860440241021792e+02 1.140904913347550433e+02
2.156763233191006890e+01 1.071431941553981204e+02 1.136276640795458945e+02
2.192701895121167865e+01 1.062008699945383512e+02 1.131592041997846252e+02
2.228082150024654950e+01 1.052591207212876157e+02 1.126852655089005850e+02
2.262801277614113715e+01 1.043179909563664438e+02 1.122060018510811261e+02
2.296771154125697834e+01 1.033775209322407562e+02 1.117215668530331243e+02
2.329916611232688339e+01 1.024377466581186980e+02 1.112321137072211741e+02
2.362173952881145667e+01 1.014987000785166913e+02 1.107377949841146290e+02
2.393489622351883028e+01 1.005604092248663903e+02 1.102387624710654705e+02
2.423819009745204056e+01 9.962289835973713537e+01 1.097351670355398454e+02
2.453101002971832045e+01 9.868621476493689215e+01 1.092271147039471941e+02
2.481149266558674782e+01 9.775055156241610632e+01 1.087144716997789544e+02
2.508114180525427273e+01 9.681573648740685201e+01 1.081976968877676768e+02
2.533978329372535399e+01 9.588177950394694449e+01 1.076769376588993765e+02
2.558728954382814536e+01 9.494868738929352503e+01 1.071523399986926393e+02
2.582357377200325388e+01 9.401646383388538197e+01 1.066240484540113158e+02
2.604858492399322145e+01 9.308510953265974308e+01 1.060922061118172195e+02
2.626205016783382007e+01 9.215465377875817410e+01 1.055569078583506553e+02
2.646183985019788310e+01 9.122536411638948550e+01 1.050178963773046519e+02
2.665036113403995444e+01 9.029694235358725507e+01 1.044757463704030300e+02
2.682767259233438750e+01 8.936937734651763776e+01 1.039305956202093171e+02
2.699385060099756828e+01 8.844265529396940906e+01 1.033825803800518059e+02
2.714898704411137231e+01 8.751675978158171176e+01 1.028318353989527196e+02
2.729109857497499547e+01 8.659196025388652629e+01 1.022780940452567080e+02
2.742155908867994185e+01 8.566807319864325621e+01 1.017217217634038349e+02
2.754134645810817617e+01 8.474495907804794115e+01 1.011630100078866406e+02
2.765060100214920880e+01 8.382259075663704095e+01 1.006020878976874258e+02
2.774915345220936658e+01 8.290098533815499593e+01 1.000390205141603701e+02
2.783470270887022480e+01 8.198048071693895622e+01 9.947344318725588153e+01
2.791021586354070649e+01 8.106063500159581281e+01 9.890603010227917480e+01
2.797586027701706612e+01 8.014141059654164678e+01 9.833690473777198804e+01
2.803180719263217568e+01 7.922276740542172035e+01 9.776618923953741103e+01
2.807515104810360995e+01 7.830515395074360185e+01 9.719336589925281089e+01
2.810909086504481635e+01 7.738805866299797742e+01 9.661916651440824921e+01
2.813391503977452501e+01 7.647141663313267657e+01 9.604373088578401507e+01
2.814928294679800302e+01 7.555526460656002996e+01 9.546706323490826662e+01
2.815320141566968104e+01 7.463992239971861409e+01 9.488880185574612369e+01
2.814861740661755007e+01 7.372487985743848071e+01 9.430964533284355866e+01
2.813572009128395734e+01 7.281007766789051061e+01 9.372970624563603792e+01
2.811273388064768497e+01 7.189580224469709435e+01 9.314865215399242970e+01
2.808055651005310338e+01 7.098187705882874354e+01 9.256673653912703514e+01
2.804070123716326890e+01 7.006800296231975267e+01 9.198436226824449591e+01
2.799259721036414916e+01 6.915425009027337921e+01 9.140145684511077206e+01
2.793470847697174264e+01 6.824087571207130054e+01 9.081770468792871043e+01
2.786978662749061542e+01 6.732733419851585666e+01 9.023380462546167280e+01
2.779796532155111422e+01 6.641355555941018451e+01 8.964984548030477640e+01
2.771628989181090930e+01 6.550007527021368503e+01 8.906513901658775012e+01
2.762823010957666980e+01 6.458617812757724153e+01 8.848058241346673469e+01
2.753397907818031953e+01 6.367177133097466424e+01 8.789627555403217229e+01
2.743068509268429267e+01 6.275738564719975443e+01 8.731151362355285528e+01
2.732143599549170432e+01 6.184234298236943062e+01 8.672712993218145527e+01
2.720664340870881048e+01 6.092649322120916366e+01 8.614327800317155948e+01
2.708338782703955872e+01 6.001039777981288381e+01 8.555918732449330832e+01
2.695490419108088176e+01 5.909330574245918655e+01 8.497576809360815275e+01
2.682127117817884709e+01 5.817512310174830503e+01 8.439307966459206511e+01
2.667995295518905863e+01 5.725634350984400811e+01 8.381040896339482060e+01
2.653418430724194721e+01 5.633616755394476883e+01 8.322871183111203663e+01
2.638325591384433366e+01 5.541466719706118482e+01 8.264780569242591923e+01
2.622595555183017169e+01 5.449204080524733484e+01 8.206732998814396751e+01
2.606483659458963231e+01 5.356759279329117618e+01 8.148808548210807601e+01
2.589831708442020997e+01 5.264159820167373738e+01 8.090959070558328392e+01
2.572695616050204492e+01 5.171381852586153371e+01 8.033202662029674457e+01
2.555239888997885345e+01 5.078372518295013549e+01 7.975594869189319525e+01
2.537199964720776890e+01 4.985186400119322059e+01 7.918047747636188660e+01
2.518847222995989910e+01 4.891741218368125743e+01 7.860653466432158609e+01
2.500145745176267909e+01 4.798031292367074485e+01 7.803401376141769674e+01
2.480978846556064354e+01 4.704072812596658082e+01 7.746250014999191080e+01
2.461595702046489009e+01 4.609781784274529315e+01 7.689290103929484133e+01
2.441782958331928910e+01 4.515199039691948002e+01 7.632443974422820077e+01
2.421709390988022292e+01 4.420258550930351760e+01 7.575774999899547879e+01
2.401407460129345495e+01 4.324929456420564833e+01 7.519297614600600355e+01
2.380724222186898587e+01 4.229234350123250863e+01 7.462952503513893987e+01
2.359925026791817970e+01 4.133069747548931616e+01 7.406846854916672385e+01
2.338787192210787325e+01 4.036476453008233278e+01 7.350892136195079729e+01
2.317499147809850157e+01 3.939367595948965572e+01 7.295167818963562922e+01
2.296045495963108607e+01 3.841715504668891157e+01 7.239670968229233949e+01
2.274348291067445516e+01 3.743511167188328415e+01 7.184370498391309923e+01
2.252633918802019153e+01 3.644640820528056935e+01 7.129370421498467181e+01
2.230620925535179921e+01 3.545158033021463240e+01 7.074548772911001038e+01
2.208618543261388822e+01 3.444909676658307518e+01 7.020051651766564760e+01
2.186468251153316800e+01 3.343899595641830302e+01 6.965812583903446864e+01
2.164260031071310664e+01 3.242038199103071605e+01 6.911881356425141121e+01
2.142046125920343869e+01 3.139240946276274613e+01 6.858293082613637637e+01
2.119717215787093778e+01 3.035478510130774055e+01 6.805003675152386222e+01
2.097517781818568494e+01 2.930572403304602602e+01 6.752149278392185749e+01
