4.155300341201072456e+01 2.428005873490702982e+01 1.077560958148976056e+02
4.202657883127190530e+01 2.456954556980616999e+01 1.101207213257582112e+02
4.248712251986037813e+01 2.484966598703012153e+01 1.125076532343388180e+02
4.293339104820292818e+01 2.512137936623523515e+01 1.149160302722946625e+02
4.336395011100857033e+01 2.538595242117520456e+01 1.173446531390633112e+02
4.377714491067902003e+01 2.564502652126380156e+01 1.197919163093747841e+02
4.417106608543527102e+01 2.590069604141032400e+01 1.222557288605656680e+02
4.454351073163770991e+01 2.615559820225781351e+01 1.247334232239910108e+02
4.489105818348119925e+01 2.640928927064774001e+01 1.272301083079850059e+02
4.521104949749642543e+01 2.666796292528360013e+01 1.297367550760706081e+02
4.550023563939879523e+01 2.693769677188360845e+01 1.322457617222356703e+02
4.575278064625558017e+01 2.721912233375742574e+01 1.347633198110142132e+02
4.596482934172217938e+01 2.752358684031608860e+01 1.372727648674803902e+02
4.612887182823354237e+01 2.785585933635815081e+01 1.397744794265756525e+02
4.623910596826907948e+01 2.822959457787261073e+01 1.422501015642654636e+02
4.628426736943971065e+01 2.865214082102249904e+01 1.446990322821059465e+02
4.625596875670245822e+01 2.914151253219732141e+01 1.470968995656419338e+02
4.614223556089812917e+01 2.971391401789132658e+01 1.494254358577979929e+02
4.592974636441974212e+01 3.038791649383226456e+01 1.516611030402602012e+02
4.560469872214273579e+01 3.118359567749039840e+01 1.537743363049120546e+02
4.515415929323980748e+01 3.212032716143097133e+01 1.557304743666958871e+02
4.456800633278513857e+01 3.321340437148765545e+01 1.574924446612095608e+02
4.384102503691570263e+01 3.447009724463714520e+01 1.590254162168471339e+02
4.297520813793738625e+01 3.588637486782342023e+01 1.603021088851732259e+02
4.198252536685308201e+01 3.744504645541754684e+01 1.613078125953498443e+02
4.088011224313989800e+01 3.911890860849015183e+01 1.620448981722105941e+02
3.969175612104940143e+01 4.087425079606729383e+01 1.625304249026902994e+02
3.843802598343653898e+01 4.267906683049285732e+01 1.627917373666951448e+02
3.713890323848557529e+01 4.450497946642614977e+01 1.628605330109369049e+02
3.581138591902496415e+01 4.632945720558515035e+01 1.627687833233212302e+02
3.446902585427844912e+01 4.813605101434048805e+01 1.625459263762629121e+02
3.312211732609857506e+01 4.991366380118151369e+01 1.622174812271240398e+02
3.177823070517531789e+01 5.165543632989705003e+01 1.618047052467327944e+02
3.044340462190454843e+01 5.335738888737707697e+01 1.613251958905011350e+02
2.912852026102484260e+01 5.501513524841082869e+01 1.607971016122513390e+02
2.783082524007187430e+01 5.663119575763847280e+01 1.602281067646879649e+02
2.655668389823032172e+01 5.820493621620898494e+01 1.596294798134705957e+02
2.531207738196313173e+01 5.973654906839720979e+01 1.590108029257897613e+02
2.409625708105287600e+01 6.122906893334118195e+01 1.583758252495239560e+02
2.291672651409457018e+01 6.268275344417794770e+01 1.577325943757689970e+02
2.177517889336676760e+01 6.410010106570435084e+01 1.570842405283091523e+02
2.067222951969754519e+01 6.548392478244166170e+01 1.564322160594496722e+02
1.962076827846677674e+01 6.683334812918458567e+01 1.557855766785322373e+02
1.861679453552757479e+01 6.815270340091893786e+01 1.551411077915300041e+02
1.766550920707916816e+01 6.944346170647312988e+01 1.545012672076696845e+02
1.677594368518286672e+01 7.070613202676196352e+01 1.538706146871766407e+02
1.595176847286470867e+01 7.194270096251560176e+01 1.532495920293335701e+02
1.519597321387935018e+01 7.315520878981187991e+01 1.526378373242558837e+02
1.451401898600495421e+01 7.434496226517104844e+01 1.520364815354933512e+02
1.391113563363124150e+01 7.551321468838250439e+01 1.514464391296722283e+02
1.339231855106963209e+01 7.666111943938236095e+01 1.508685775860133731e+02
1.296388723548094823e+01 7.778933844652256369e+01 1.503050405420262621e+02
1.262620779438618257e+01 7.889960656463310329e+01 1.497542301755580070e+02
1.238150054066664296e+01 7.999293029815169120e+01 1.492164962019693917e+02
1.223074134837382232e+01 8.107026282137184126e+01 1.486920933656272155e+02
1.217356307871917487e+01 8.213250583839774777e+01 1.481811959210544956e+02
1.220824021260864356e+01 8.318051173360976236e+01 1.476839100442187203e+02
1.233176103728560769e+01 8.421508590048688347e+01 1.472002844565986095e+02
1.253997883139881608e+01 8.523698916397343339e+01 1.467303195074370876e+02
1.282782261278625491e+01 8.624694023290935263e+01 1.462739749267671812e+02
1.318954167341279593e+01 8.724561813563386181e+01 1.458311764330557310e+02
1.361895725010947977e+01 8.823366460474136375e+01 1.454018213542215108e+02
1.410969850672113424e+01 8.921168638689570685e+01 1.449857833989863991e+02
1.465540668124321222e+01 9.018025746124871489e+01 1.445829166966101127e+02
1.524989869784408114e+01 9.113992115583141640e+01 1.441930592067171517e+02
1.588728812658905376e+01 9.209119215570930805e+01 1.438160355868081979e+02
1.656206620881726366e+01 9.303455840000682997e+01 1.434516595928906213e+02
1.726914856251108787e+01 9.397048286736340117e+01 1.430997360781892667e+02
1.800389440685157183e+01 9.489940525117832237e+01 1.427600626458988131e+02
1.876249301135960934e+01 9.582160724177933275e+01 1.424331289205943278e+02
1.954090847875417936e+01 9.673756477840470325e+01 1.421183537286851788e+02
2.033558656841909595e+01 9.764772030578852480e+01 1.418151981443910188e+02
2.114353039962819736e+01 9.855243605187521894e+01 1.415234338355539876e+02
2.196208143698176229e+01 9.945205758648181416e+01 1.412428304646299466e+02
2.278888584943874562e+01 1.003469149422247426e+02 1.409731560315858303e+02
2.362186201954321874e+01 1.012373236505471112e+02 1.407141770991273972e+02
2.445917004765453839e+01 1.021235856976580436e+02 1.404656589180740127e+02
2.529937494793010089e+01 1.030058976834719715e+02 1.402279081849863474e+02
2.614106017365586965e+01 1.038845174945553964e+02 1.400008261316986307e+02
2.698269376483274229e+01 1.047598363881203767e+02 1.397834484117751970e+02
2.782315535730230849e+01 1.056321100980295853e+02 1.395755310262225919e+02
2.866145162477710073e+01 1.065015845052603538e+02 1.393768286761945205e+02
2.949670073508177381e+01 1.073684962146974584e+02 1.391870945204674115e+02
3.032821338519804044e+01 1.082330201057869061e+02 1.390064127835895533e+02
3.115543827083728701e+01 1.090952906441274166e+02 1.388350817724464150e+02
3.197748306552270492e+01 1.099556712116236525e+02 1.386718999970466655e+02
3.279379805437056206e+01 1.108143656120073217e+02 1.385166099351789342e+02
3.360389264747344384e+01 1.116715705306536819e+02 1.383689513377592561e+02
3.440732899014701474e+01 1.125274758377148885e+02 1.382286609178479182e+02
3.520400081436073236e+01 1.133821009519970318e+02 1.380965486270569045e+02
3.599327726430789198e+01 1.142357878849506392e+02 1.379712706875928916e+02
3.677483035605738593e+01 1.150887194759558412e+02 1.378524713534034447e+02
3.754838841264785998e+01 1.159410602667567929e+02 1.377398717749102275e+02
3.831373321222793749e+01 1.167929572173927824e+02 1.376332675896840385e+02
3.907089657833392238e+01 1.176444318352018001e+02 1.375332510954947622e+02
3.981941952075145252e+01 1.184957881420537973e+02 1.374384869495716259e+02
4.055914806035599440e+01 1.193471678638246374e+02 1.373486780374229284e+02
4.128995329605813680e+01 1.201987073103903043e+02 1.372635223902987605e+02
4.201187421418716639e+01 1.210504641691783831e+02 1.371832037049418318e+02
4.272480707614357698e+01 1.219025796441790419e+02 1.371073042086603948e+02
4.342855755553846109e+01 1.227552443365312485e+02 1.370350338117810622e+02
4.412308977172372693e+01 1.236085728484442399e+02 1.369660707522357086e+02
4.480843845668801606e+01 1.244626517518719311e+02 1.369002392476784848e+02
4.548477083311453839e+01 1.253175133858577226e+02 1.368376821314428753e+02
4.615189327792644036e+01 1.261733632662034239e+02 1.367773469055291855e+02
4.680985834512394206e+01 1.270302941165165151e+02 1.367188931801515821e+02
4.745874136342761318e+01 1.278883930770463735e+02 1.366619764248727904e+02
4.809887535016184756e+01 1.287476418870525663e+02 1.366069054878685449e+02
4.873012391290377820e+01 1.296082295731170859e+02 1.365525790905816450e+02
4.935262930679181892e+01 1.304702266676837041e+02 1.364986395126280172e+02
4.996655852518449592e+01 1.313336975543165579e+02 1.364447285148297624e+02
5.057229045493357944e+01 1.321986263375297597e+02 1.363909708964949914e+02
5.116983873394009663e+01 1.330651480305681105e+02 1.363364647935991343e+02
5.175942469220550635e+01 1.339333162705896711e+02 1.362808018186393610e+02
5.234131134092214666e+01 1.348031720370714481e+02 1.362236164360562043e+02
5.291593363569563735e+01 1.356746953287699853e+02 1.361648989557248228e+02
5.348343211266725916e+01 1.365479812272012907e+02 1.361038551729926667e+02
5.404413112744049386e+01 1.374230576405081763e+02 1.360400892064114373e+02
5.459839266502501687e+01 1.382999419087123840e+02 1.359732362692958532e+02
5.514670217981971945e+01 1.391786101705845624e+02 1.359031616342722657e+02
5.568932979824752749e+01 1.400591196205818392e+02 1.358291708299490494e+02
5.622671042425407251e+01 1.409414704382087109e+02 1.357509032349406937e+02
5.675930945219560186e+01 1.418256550326754279e+02 1.356680147121237781e+02
5.728762833160400447e+01 1.427116560748423524e+02 1.355801917836115251e+02
5.781210448365479948e+01 1.435994813946522015e+02 1.354869250977137654e+02
5.833326898025935492e+01 1.444891084918545232e+02 1.353878714090470794e+02
5.885167133189610666e+01 1.453805110194168719e+02 1.352826829468353083e+02
5.936784287836898244e+01 1.462736713285391374e+02 1.351709252806290067e+02
5.988237831625856700e+01 1.471685520421797548e+02 1.350522657089717882e+02
6.039589564054254112e+01 1.480651098590742265e+02 1.349263845473946617e+02
6.090900123292409063e+01 1.489633075001933378e+02 1.347928958531836656e+02
6.142227896713380630e+01 1.498631174787390421e+02 1.346513200074855092e+02
6.193645552242485763e+01 1.507644642730843714e+02 1.345014792583245367e+02
6.245222237164375656e+01 1.516672859308899035e+02 1.343430834139736589e+02
6.297021741961937380e+01 1.525715407454301840e+02 1.341756784560007532e+02
6.349109092349468852e+01 1.534771843430503964e+02 1.339988013011981991e+02
6.401567038145758204e+01 1.543841099203612828e+02 1.338124111598222044e+02
6.454470317992553419e+01 1.552922392479949565e+02 1.336162510051602226e+02
6.507884495885157605e+01 1.562015283336640721e+02 1.334097919089105346e+02
6.561880168147030190e+01 1.571119162365785655e+02 1.331925992217617818e+02
6.616547340834704016e+01 1.580232687744312727e+02 1.329647715810939985e+02
6.671964304407691770e+01 1.589354937091227100e+02 1.327260864540648981e+02
6.728198824550020163e+01 1.598485396350343706e+02 1.324759816699015857e+02
6.785322613863155539e+01 1.607623414410402347e+02 1.322139651271291712e+02
6.843431091267656541e+01 1.616767357615371168e+02 1.319403208781132264e+02
6.902603950371151598e+01 1.625916181860918073e+02 1.316548601661139344e+02
6.962913265687340925e+01 1.635069153555556909e+02 1.313571117839142346e+02
7.024424591807823504e+01 1.644225859033343795e+02 1.310462790047610326e+02
7.087237975559101244e+01 1.653384276021321853e+02 1.307229518797856258e+02
7.151432461941102758e+01 1.662543249821742108e+02 1.303869732986779582e+02
7.217086422777386190e+01 1.671701601946402320e+02 1.300381945330533142e+02
7.284253308806346183e+01 1.680859537762015918e+02 1.296750813165652403e+02
7.353035931731676556e+01 1.690014521969733892e+02 1.292987080268266311e+02
7.423511315337951544e+01 1.699165270850122340e+02 1.289089656857035209e+02
7.495755064712906801e+01 1.708310496063753874e+02 1.285057336859957218e+02
7.569833435118326292e+01 1.717449605141596862e+02 1.280880826680567850e+02
7.645823391767967792e+01 1.726581272508092866e+02 1.276557954660716661e+02
7.723807102496684251e+01 1.735703415119669160e+02 1.272095351241765826e+02
7.803856366677368328e+01 1.744814620908923644e+02 1.267492077072072902e+02
7.886041702307468881e+01 1.753913447855025254e+02 1.262747259129243389e+02
7.970431691718610523e+01 1.762999379145465468e+02 1.257846661104305639e+02
8.057101182880862211e+01 1.772070291734098646e+02 1.252796506484417449e+02
8.146119047571878014e+01 1.781124249716542352e+02 1.247601111538532592e+02
8.237551729122529309e+01 1.790159649701372189e+02 1.242259892660935492e+02
8.331464513225796509e+01 1.799174846088695290e+02 1.236772339532577547e+02
8.427930416295910732e+01 1.808168640682103216e+02 1.231128684747252038e+02
8.527020834958490525e+01 1.817139294737659156e+02 1.225326336009276957e+02
8.628791027214461451e+01 1.826084406097195370e+02 1.219375480047657163e+02
8.733303142532321317e+01 1.835002102561136326e+02 1.213276026263166614e+02
8.840618625879942272e+01 1.843890449252588724e+02 1.207027999719843905e+02
8.950798359362147494e+01 1.852747443333494459e+02 1.200631553899596184e+02
9.063917579026251303e+01 1.861571205438206675e+02 1.194080126611419956e+02
9.180056269589677242e+01 1.870359654096741053e+02 1.187367549571121970e+02
9.299249367496938135e+01 1.879110106106686544e+02 1.180507530420175613e+02
9.421556937036109503e+01 1.887820211138902380e+02 1.173501091124942519e+02
9.547039134581426367e+01 1.896487519150835794e+02 1.166349518724859990e+02
9.675756360784995991e+01 1.905109472582971364e+02 1.159054405669733683e+02
9.807769402872465037e+01 1.913683398153379471e+02 1.151617697398103530e+02
9.943139560857473214e+01 1.922206498307942582e+02 1.144041748266639900e+02
1.008192875032131326e+02 1.930675842410793450e+02 1.136329387080790099e+02
1.022424704853827677e+02 1.939088206856719978e+02 1.128472063112015036e+02
1.037012074997858093e+02 1.947440372651623193e+02 1.120484406737518697e+02
1.051960375823963716e+02 1.955728988114914273e+02 1.112373680518932275e+02
1.067275895219395352e+02 1.963950521554066029e+02 1.104145740377092721e+02
1.082964944348392464e+02 1.972101271656219978e+02 1.095807440541137510e+02
1.099033831384278272e+02 1.980177361755393974e+02 1.087366785004104770e+02
1.115488823702544039e+02 1.988174735849360388e+02 1.078833099459471896e+02
1.132336096308963107e+02 1.996089157009407984e+02 1.070217225315130349e+02
1.149581664028265635e+02 2.003916208965454473e+02 1.061531737072797341e+02
1.167231294752457416e+02 2.011651301805502783e+02 1.052791183841726053e+02
1.185290400870215564e+02 2.019289682899360230e+02 1.044012354957929603e+02
1.203763905905447302e+02 2.026826454336614063e+02 1.035214568524827428e+02
1.222656083433461873e+02 2.034256598348318050e+02 1.026419980089455493e+02
1.241970365575787980e+02 2.041575012346652898e+02 1.017653906527850154e+02
1.261709118876365494e+02 2.048776555345411339e+02 1.008945157447962657e+02
1.281873386215854680e+02 2.055856107588321890e+02 1.000326362965217015e+02
1.302469189751811882e+02 2.062807599505621567e+02 9.918259322651667276e+01
1.323494830843621912e+02 2.069625927727566648e+02 9.834851070512600302e+01
1.344938971531490211e+02 2.076307526275765838e+02 9.753584002132085118e+01
1.366793468808755279e+02 2.082848380037158620e+02 9.674971650780321397e+01
1.389046954548858537e+02 2.089245093156382325e+02 9.599575057309866111e+01
1.411684460889774186e+02 2.095495056667253380e+02 9.528000373240378451e+01
1.434687083976750159e+02 2.101596626739674036e+02 9.460894217430841024e+01
1.458039441892890977e+02 2.107547717964315552e+02 9.398867656612247856e+01
1.481708048559754616e+02 2.113350273646138078e+02 9.342686449022164652e+01
1.505653287437616257e+02 2.119008260709310889e+02 9.293126626571876159e+01
1.529837579458295806e+02 2.124526041377300203e+02 9.250895177657498891e+01
1.554219484397139865e+02 2.129909690214882119e+02 9.216670581490686232e+01
1.578750582266332003e+02 2.135167891913141034e+02 9.191105206369667258e+01
1.603377034142613411e+02 2.140311816518976400e+02 9.174789927523580957e+01
1.628051545756651137e+02 2.145352285623044679e+02 9.168172501626216331e+01
1.652725293499191537e+02 2.150301670145811386e+02 9.171604555201135156e+01
1.677350591806709019e+02 2.155173244106795494e+02 9.185320862468134351e+01
1.701882002946719012e+02 2.159980852735261010e+02 9.209433994026335313e+01
1.726252478255948404e+02 2.164745582661430774e+02 9.243995685548537722e+01
1.750444337437896536e+02 2.169475982067047539e+02 9.288797384809126356e+01
1.774428800214024022e+02 2.174184263835586250e+02 9.343594445015668271e+01
1.798179830159369317e+02 2.178882500332799452e+02 9.408063804419266773e+01
1.821676719427218245e+02 2.183581731805938091e+02 9.481813340488569963e+01
1.844903994198875807e+02 2.188291817788827132e+02 9.564399627135571791e+01
1.867851153585182260e+02 2.193021348054379018e+02 9.655345340727316739e+01
1.890512279655280281e+02 2.197777608917221528e+02 9.754155389468066062e+01
1.912885558127738079e+02 2.202566597662752486e+02 9.860331111086073008e+01
1.934972747398990123e+02 2.207393076086253245e+02 9.973382157864678277e+01
1.956778629066417636e+02 2.212260653473376806e+02 1.009283593295144357e+02
1.978310467042569201e+02 2.217171889627292103e+02 1.021824463775897982e+02
1.999577495742564679e+02 2.222128409480231994e+02 1.034919012969483418e+02
2.020563209805993097e+02 2.227141059612963261e+02 1.048515343743905675e+02
2.041268957512059501e+02 2.232214381858333638e+02 1.062568567955957377e+02
2.061736928604442483e+02 2.237337304712594914e+02 1.077058931370449386e+02
2.081980837371337998e+02 2.242508720459227902e+02 1.091957509526718155e+02
2.102014597896444457e+02 2.247727100776317855e+02 1.107238750705145804e+02
2.121819398752151358e+02 2.253003632551021838e+02 1.122856416832008222e+02
2.141373802478341588e+02 2.258351012306463019e+02 1.138759412269687203e+02
2.160753716494312187e+02 2.263742451940196361e+02 1.154973191723150592e+02
2.179972868642339279e+02 2.269175278574932122e+02 1.171483577691747797e+02
2.198969433108383100e+02 2.274678423887984025e+02 1.188210852972075458e+02
2.217783873584955643e+02 2.280238459217165428e+02 1.205162080263017401e+02
2.236472267594600680e+02 2.285834248444528498e+02 1.222366983906834719e+02
2.254980654120636530e+02 2.291491759171210560e+02 1.239751815864581346e+02
2.273316814970780797e+02 2.297210705279376839e+02 1.257300349954175687e+02
2.291559187768418440e+02 2.302958767737926564e+02 1.275076041222813501e+02
2.309618797550254499e+02 2.308778310029325667e+02 1.292963454043688216e+02
2.327558843482195243e+02 2.314643374519575616e+02 1.311013476371745128e+02
2.345418555035402903e+02 2.320537815166007931e+02 1.329257571301881455e+02
2.363084873458319919e+02 2.326516700831859623e+02 1.347542364700710777e+02
2.380703951573037784e+02 2.332513514802679140e+02 1.366032327592915863e+02
2.398175633871135233e+02 2.338577804645876199e+02 1.384587027157958516e+02
2.415564897173282759e+02 2.344680467215291344e+02 1.403276339382421156e+02
2.432868218715757109e+02 2.350824908735115741e+02 1.422083976856287393e+02
2.450052701345865103e+02 2.357029327953300992e+02 1.440951464657627525e+02
2.467198279546019819e+02 2.363255570111922452e+02 1.459980535178031573e+02
2.484201653604497437e+02 2.369557446219269252e+02 1.479010606302859401e+02
2.501199895720410780e+02 2.375866827961866932e+02 1.498233588728630536e+02
2.518044446545289077e+02 2.382261736044414420e+02 1.517415464093260766e+02
2.534905480300393776e+02 2.388655333884996992e+02 1.536808490562328302e+02
