1.305374028916723766e-04 5.233288998937221355e-04 1.525557374966649178e-03
6.626024049203754762e-02 6.696157262567073443e-02 7.065088240993054602e-02
2.207319880540977719e-01 2.185512697938608584e-01 2.242522879095277255e-01
4.511978257996775432e-01 4.437938548303259068e-01 4.509948095818992475e-01
7.521154009711812360e-01 7.374353616967462832e-01 7.456660006800771567e-01
1.120042500492262061e+00 1.096220708906717745e+00 1.105024917223025538e+00
1.552581044569262048e+00 1.517892426117195992e+00 1.526819482003610950e+00
2.047953887483927815e+00 2.000786845267924274e+00 2.009387325725985551e+00
2.604793184994383726e+00 2.543631652835285806e+00 2.551455052189133266e+00
3.222019926610817819e+00 3.145430516415344879e+00 3.152023678729672262e+00
3.898769139490079194e+00 3.805391420938113889e+00 3.810297435009526890e+00
4.634340437222734366e+00 4.522879291575661043e+00 4.525636682653702003e+00
5.428163725575838150e+00 5.297383152315012111e+00 5.297525279271857457e+00
6.279774507833003838e+00 6.128492494623854370e+00 6.125547095995277580e+00
7.188795553466472477e+00 7.015879751985059976e+00 7.009368602716159025e+00
8.154922944501288740e+00 7.959286974326769126e+00 7.948725625994780941e+00
9.177915228007504922e+00 8.958515481213558118e+00 8.943413065614135959e+00
1.025758483079171945e+01 1.001341768313790404e+01 9.993276764061398865e+00
1.134497019742747348e+01 1.109281235113457420e+01 1.106863206476353589e+01
1.241943694243956564e+01 1.215800906650082958e+01 1.212981518749078447e+01
1.348277335344024763e+01 1.321240263965557382e+01 1.318019876075288899e+01
1.453580260473474972e+01 1.425679819336786736e+01 1.422058537607409434e+01
1.557925999488577773e+01 1.529191478949254090e+01 1.525169198489692945e+01
1.661380591922909389e+01 1.631839814131991773e+01 1.627416253103813659e+01
1.764003645230407002e+01 1.733683098369956710e+01 1.728857825825788908e+01
1.865849206129843196e+01 1.834774161139291948e+01 1.829546619911452510e+01
1.966966484176437646e+01 1.935161096900969113e+01 1.929530622536864826e+01
2.067400457310752415e+01 2.034887858408139749e+01 2.028853694922105078e+01
2.167192382269842099e+01 2.133994756757649824e+01 2.127556069800000316e+01
2.266380227652195245e+01 2.232518885626114269e+01 2.225674773542841223e+01
2.364999043604662887e+01 2.330494483384122972e+01 2.323243986543401718e+01
2.463081279197242779e+01 2.427953243937468386e+01 2.420295352624233232e+01
2.560657056326586911e+01 2.524924584963105900e+01 2.516858246084620632e+01
2.657754407266368801e+01 2.621435880518774653e+01 2.612960003318271518e+01
2.754399481638033365e+01 2.717512663686536811e+01 2.708626124625832077e+01
2.850616727516228366e+01 2.813178803872207823e+01 2.803880450815285030e+01
2.946429050543308747e+01 2.908456662558923966e+01 2.898745318365329382e+01
3.041857954255998564e+01 3.003367230654789211e+01 2.993241696273008401e+01
3.136923664287238722e+01 3.097930250045016010e+01 3.087389307180826492e+01
3.231645238669063502e+01 3.192164321530241722e+01 3.181206734952710846e+01
3.326040666106133870e+01 3.286087000983498285e+01 3.274711520521127994e+01
3.420126953797968383e+01 3.379714885272346692e+01 3.367920247543543155e+01
3.513920206147665937e+01 3.473063689257049447e+01 3.460848619172247709e+01
3.607435695496077699e+01 3.566148314980900835e+01 3.553511527047896124e+01
3.700687925854993665e+01 3.658982914006583798e+01 3.645923113465884313e+01
3.793690690474925020e+01 3.751580943717045358e+01 3.738096827530122823e+01
3.886457123966837202e+01 3.843955218285758235e+01 3.830045475995669335e+01
3.978999749599842772e+01 3.936117954925450135e+01 3.921781269406551473e+01
4.071330522313994038e+01 4.028080815943457083e+01 4.013315864054531801e+01
4.163460867917179087e+01 4.119854947063009831e+01 4.104660400216160809e+01
4.255401718875433659e+01 4.211451012411252748e+01 4.195825537067147337e+01
4.347163547054756094e+01 4.302879226524576239e+01 4.286821484623296641e+01
4.438756393728566252e+01 4.394149383678985998e+01 4.377658033014363781e+01
4.530189897127495868e+01 4.485270884816132764e+01 4.468344579360530133e+01
4.621473317775018330e+01 4.576252762303744248e+01 4.558890152489224334e+01
4.712615561824993193e+01 4.667103702741498950e+01 4.649303435702660181e+01
4.803625202591796040e+01 4.757832067999487435e+01 4.739592787782459027e+01
4.894510500443215761e+01 4.848445914655326305e+01 4.829766262396945820e+01
4.985279421207026473e+01 4.938953011977953622e+01 4.919831626058583396e+01
5.075939653226259907e+01 5.029360858590020200e+01 5.009796374763077154e+01
5.166498623183520067e+01 5.119676697926902875e+01 5.099667749427728580e+01
5.256963510802705031e+01 5.209907532597922852e+01 5.189452750234415390e+01
5.347341262524712135e+01 5.300060137744721800e+01 5.279158149971733849e+01
5.437638604244499163e+01 5.390141073481923684e+01 5.368790506461303380e+01
5.527862053187813274e+01 5.480156696496965196e+01 5.458356174144807937e+01
5.618017928998634147e+01 5.570113170878322251e+01 5.547861314900877971e+01
5.708112364101135938e+01 5.660016478234721404e+01 5.637311908154213569e+01
5.798151313394181017e+01 5.749872427162019051e+01 5.726713760333476699e+01
5.888140563330857447e+01 5.839686662109132698e+01 5.816072513729219651e+01
5.978085740430810091e+01 5.929464671689596145e+01 5.905393654798342595e+01
6.067992319268548584e+01 6.019211796481225463e+01 5.994682521957371790e+01
6.157865629977485611e+01 6.108933236352415719e+01 6.083944312903133067e+01
6.247710865305448635e+01 6.198634057350349735e+01 6.173184091495899395e+01
6.337533087254671216e+01 6.288319198183187808e+01 6.262406794237087837e+01
6.427337233336339750e+01 6.377993476325704592e+01 6.351617236370857000e+01
6.517128122467158846e+01 6.467661593775144979e+01 6.440820117636425834e+01
6.606910460533040919e+01 6.557328142482089106e+01 6.530020027695697138e+01
6.696688845643294030e+01 6.646997609478840729e+01 6.619221451258792399e+01
6.786467773096417488e+01 6.736674381726135152e+01 6.708428772928233741e+01
6.876251640076988281e+01 6.826362750697292370e+01 6.797646281780815514e+01
6.966044750101788452e+01 6.916066916717412028e+01 6.886878175704751470e+01
7.055851317231702069e+01 7.005790993073772199e+01 6.976128565508275869e+01
7.145675470064584545e+01 7.095539009912472750e+01 7.065401478814646907e+01
7.235521255523437389e+01 7.185314917935039603e+01 7.154700863757325635e+01
7.325392642452838743e+01 7.275122591907852154e+01 7.244030592488110187e+01
7.415293525035652067e+01 7.364965833996181743e+01 7.333394464509990485e+01
7.505227726041431424e+01 7.454848376933733789e+01 7.422796209845697035e+01
7.595198999916706839e+01 7.544773887037938209e+01 7.512239492052054857e+01
7.685211035726912598e+01 7.634745967080374385e+01 7.601727911089572842e+01
7.775267459958875804e+01 7.724768159020982239e+01 7.691265006055968456e+01
7.865371839192046366e+01 7.814843946614412573e+01 7.780854257791780526e+01
7.955527682646656729e+01 7.904976757895819617e+01 7.870499091365633149e+01
8.045738444615382434e+01 7.995169967553304957e+01 7.960202878446169450e+01
8.136007526785803634e+01 8.085426899193640793e+01 8.049968939567219195e+01
8.226338280459545160e+01 8.175750827507110330e+01 8.139800546292299543e+01
8.316734008674242773e+01 8.266144980337530512e+01 8.229700923284218561e+01
8.407197968233423069e+01 8.356612540662577260e+01 8.319673250285049448e+01
8.497733371649891865e+01 8.447156648489436748e+01 8.409720664011466340e+01
8.588343389007047790e+01 8.537780402670460944e+01 8.499846259970179574e+01
8.679031149742625928e+01 8.628486862643306665e+01 8.590053094197701000e+01
8.769799744359225713e+01 8.719279050099430606e+01 8.680344184928701168e+01
8.860652226065549542e+01 8.810159950584960598e+01 8.770722514196647523e+01
8.951591612351688809e+01 8.901132515037519966e+01 8.861191029370355920e+01
9.042620886502550093e+01 8.992199661262233690e+01 8.951752644629920042e+01
9.133742999051946754e+01 9.083364275350349715e+01 9.042410242385045649e+01
9.224960869180999623e+01 9.174629213043202469e+01 9.133166674638920313e+01
9.316277386063482879e+01 9.265997301044437506e+01 9.224024764300263257e+01
9.407695410160616234e+01 9.357471338283241380e+01 9.314987306446356286e+01
9.499217774468380071e+01 9.449054097130796492e+01 9.406057069539411941e+01
9.590847285719156901e+01 9.540748324572581396e+01 9.497236796598703279e+01
9.682586725540339501e+01 9.632556743338567173e+01 9.588529206330582610e+01
9.774438851571997589e+01 9.724482052993408843e+01 9.679936994218569168e+01
9.866406398545430534e+01 9.816526930988659672e+01 9.771462833575398577e+01
9.958492079324715007e+01 9.908694033678762025e+01 9.863109376558887220e+01
1.005069858591297276e+02 1.000098599730270479e+02 9.954879255153419138e+01
1.014302859042491747e+02 1.009340543893290345e+02 1.004677508211866694e+02
1.023548474602768579e+02 1.018595495739281489e+02 1.013879945190712561e+02
1.032806968785073991e+02 1.027863713414506464e+02 1.023095494155195411e+02
1.042078603386738536e+02 1.037145453415102452e+02 1.032324411152652317e+02
1.051363638574796227e+02 1.046440970670363129e+02 1.041566950657698385e+02
1.060662332968718999e+02 1.055750518623443668e+02 1.050823365652917118e+02
1.069974943720610696e+02 1.065074349309614234e+02 1.060093907707098424e+02
1.079301726593002826e+02 1.074412713432181192e+02 1.069378827051135090e+02
1.088642936034377868e+02 1.083765860436177775e+02 1.078678372651700101e+02
1.097998825252503110e+02 1.093134038579926397e+02 1.087992792282791612e+02
1.107369646285676055e+02 1.102517495004582031e+02 1.097322332595246195e+02
1.116755650071991823e+02 1.111916475801728268e+02 1.106667239184321687e+02
1.126157086516710706e+02 1.121331226079130232e+02 1.116027756655428789e+02
1.135574204557808713e+02 1.130761990024730039e+02 1.125404128688096250e+02
1.145007252229809609e+02 1.140209010968941925e+02 1.134796598098252360e+02
1.154456476725949869e+02 1.149672531445357322e+02 1.144205406898899611e+02
1.163922124458787692e+02 1.159152793249902658e+02 1.153630796359248336e+02
1.173404441119280079e+02 1.168650037498535568e+02 1.163073007062387632e+02
1.182903671734442099e+02 1.178164504683536364e+02 1.172532278961552095e+02
1.192420060723622299e+02 1.187696434728462975e+02 1.182008851435047205e+02
1.201953851953464607e+02 1.197246067041832305e+02 1.191502963339902692e+02
1.211505288791607171e+02 1.206813640569579462e+02 1.201014853064300780e+02
1.221074614159216765e+02 1.216399393846343315e+02 1.210544758578835882e+02
1.230662070582331040e+02 1.226003565045650276e+02 1.220092917486663993e+02
1.240267900242146908e+02 1.235626392029029290e+02 1.229659567072587123e+02
1.249892345024238693e+02 1.245268112394113729e+02 1.239244944351119813e+02
1.259535646566809959e+02 1.254928963521769845e+02 1.248849286113590722e+02
1.269198046307949141e+02 1.264609182622310612e+02 1.258472828974313131e+02
1.278879785532023732e+02 1.274309006780815849e+02 1.268115809415874224e+02
1.288581105415177888e+02 1.284028673001616880e+02 1.277778463833583089e+02
1.298302247070021735e+02 1.293768418251972321e+02 1.287461028579110973e+02
1.308043451589506390e+02 1.303528479504988979e+02 1.297163740003366001e+02
1.317804960090081181e+02 1.313309093781796548e+02 1.306886834498640724e+02
1.327587013754099416e+02 1.323110498193043156e+02 1.316630548540053951e+02
1.337389853871578396e+02 1.332932929979715198e+02 1.326395118726339319e+02
1.347213721881272193e+02 1.342776626553334438e+02 1.336180781819998060e+02
1.357058859411154685e+02 1.352641825535551448e+02 1.345987774786846103e+02
1.366925508318294646e+02 1.362528764797172585e+02 1.355816334834998429e+02
1.376813910728186841e+02 1.372437682496637024e+02 1.365666699453301192e+02
1.386724309073536574e+02 1.382368817117991000e+02 1.375539106449259634e+02
1.396656946132564485e+02 1.392322407508356434e+02 1.385433793986462376e+02
1.406612065066794628e+02 1.402298692914962999e+02 1.395351000621556636e+02
1.416589909458436409e+02 1.412297913021706961e+02 1.405290965340771550e+02
1.426590723347295011e+02 1.422320307985334296e+02 1.415253927596037045e+02
1.436614751267305223e+02 1.432366118471200025e+02 1.425240127340699985e+02
1.446662238282675332e+02 1.442435585688681385e+02 1.435249805064882764e+02
1.456733430023673463e+02 1.452528951426226627e+02 1.445283201830479243e+02
1.466828572722062347e+02 1.462646458086091741e+02 1.455340559305837189e+02
1.476947913246233384e+02 1.472788348718758016e+02 1.465422119800120413e+02
1.487091699136029206e+02 1.482954867057076456e+02 1.475528126297393499e+02
1.497260178637309593e+02 1.493146257550127984e+02 1.485658822490428292e+02
1.507453600736225496e+02 1.503362765396849170e+02 1.495814452814270794e+02
1.517672215193275917e+02 1.513604636579422333e+02 1.505995262479568737e+02
1.527916272577140262e+02 1.523872117896441409e+02 1.516201497505677196e+02
1.538186024298298946e+02 1.534165456995900740e+02 1.526433404753589116e+02
1.548481722642445391e+02 1.544484902407983213e+02 1.536691231958652963e+02
1.558803620803777505e+02 1.554830703577703161e+02 1.546975227763155942e+02
1.569151972918080276e+02 1.565203110897375041e+02 1.557285641748729006e+02
1.579527034095698923e+02 1.575602375738980356e+02 1.567622724468644719e+02
1.589929060454361149e+02 1.586028750486393619e+02 1.577986727479970455e+02
1.600358309151922924e+02 1.596482488567506550e+02 1.588377903375633196e+02
1.610815038418978986e+02 1.606963844486272990e+02 1.598796505816386286e+02
1.621299507591431563e+02 1.617473073854672236e+02 1.609242789562706832e+02
1.631811977142951946e+02 1.628010433424604457e+02 1.619717010506613519e+02
1.642352708717417613e+02 1.638576181119748867e+02 1.630219425703455443e+02
1.652921965161298203e+02 1.649170576067378704e+02 1.640750293403646651e+02
1.663520010556005957e+02 1.659793878630154893e+02 1.651309873084390460e+02
1.674147110250242463e+02 1.670446350437910610e+02 1.661898425481377899e+02
1.684803530892345407e+02 1.681128254419438122e+02 1.672516212620502642e+02
1.695489540462631339e+02 1.691839854834290406e+02 1.683163497849581063e+02
1.706205408305772835e+02 1.702581417304608067e+02 1.693840545870092456e+02
1.716951405163202367e+02 1.713353208846988593e+02 1.704547622768968438e+02
1.727727803205582120e+02 1.724155497904396270e+02 1.715284996050421853e+02
1.738534876065298249e+02 1.734988554378145125e+02 1.726052934667840191e+02
1.749372898869069104e+02 1.745852649659950089e+02 1.736851709055750348e+02
1.760242148270577616e+02 1.756748056664060016e+02 1.747681591161861263e+02
1.771142902483262560e+02 1.767675049859488183e+02 1.758542854479211144e+02
1.782075441313160979e+02 1.778633905302354208e+02 1.769435774078407633e+02
1.793040046191891008e+02 1.789624900668327996e+02 1.780360626639989334e+02
1.804037000209753501e+02 1.800648315285221486e+02 1.791317690486916376e+02
1.815066588148972073e+02 1.811704430165708857e+02 1.802307245617194269e+02
1.826129096517096286e+02 1.822793528040185436e+02 1.813329573736647546e+02
1.837224813580515388e+02 1.833915893389817029e+02 1.824384958291848307e+02
1.848354029398215062e+02 1.845071812479721416e+02 1.835473684503220113e+02
1.859517035855642177e+02 1.856261573392362152e+02 1.846596039398314417e+02
1.870714126698804023e+02 1.867485466061120007e+02 1.857752311845282520e+02
1.881945597568559094e+02 1.878743782304063359e+02 1.868942792586543931e+02
1.893211746035116789e+02 1.890036815857932027e+02 1.880167774272662484e+02
1.904512871632750830e+02 1.901364862412359003e+02 1.891427551496452963e+02
1.915849275894767629e+02 1.912728219644297099e+02 1.902722420827308838e+02
1.927221262388688956e+02 1.924127187252711906e+02 1.914052680845772443e+02
1.938629136751711997e+02 1.935562066993519466e+02 1.925418632178363794e+02
1.950073206726434591e+02 1.947033162714783714e+02 1.936820577532664061e+02
1.961553782196818361e+02 1.958540780392193881e+02 1.948258821732672175e+02
1.973071175224494596e+02 1.970085228164825537e+02 1.959733671754447641e+02
1.984625700085320545e+02 1.981666816371188133e+02 1.971245436762041265e+02
1.996217673306252607e+02 1.993285857585593703e+02 1.982794428143731125e+02
2.007847413702550909e+02 2.004942666654823995e+02 1.994380959548576300e+02
2.019515242415297962e+02 2.016637560735130705e+02 2.006005346923285231e+02
2.031221482949258643e+02 2.028370859329574785e+02 2.017667908549425988e+02
2.042966461211086937e+02 2.040142884325713624e+02 2.029368965080980445e+02
2.054750505547890214e+02 2.051953960033636974e+02 2.041108839582251733e+02
2.066573946786196245e+02 2.063804413224376617e+02 2.052887857566142600e+02
2.078437118271236557e+02 2.075694573168703414e+02 2.064706347032802114e+02
2.090340355906683385e+02 2.087624771676298678e+02 2.076564638508674818e+02
2.102283998194772039e+02 2.099595343135341352e+02 2.088463065085932442e+02
2.114268386276812350e+02 2.111606624552497635e+02 2.100401962462327674e+02
2.126293863974178748e+02 2.123658955593339215e+02 2.112381668981468010e+02
2.138360777829689994e+02 2.135752678623193219e+02 2.124402525673515072e+02
2.150469477149463842e+02 2.147888138748440383e+02 2.136464876296332704e+02
2.162620314045217071e+02 2.160065683858279044e+02 2.148569067377094655e+02
2.174813643477064886e+02 2.172285664666935929e+02 2.160715448254350406e+02
2.187049823296775344e+02 2.184548434756384836e+02 2.172904371120576457e+02
2.199329214291544474e+02 2.196854350619540241e+02 2.185136191065216167e+02
2.211652180228272755e+02 2.209203771703959376e+02 2.197411266118221533e+02
2.224019087898345219e+02 2.221597060456076633e+02 2.209729957294111955e+02
2.236430307162976021e+02 2.234034582365947017e+02 2.222092628636558516e+02
2.248886210999114326e+02 2.246516706012532723e+02 2.234499647263512259e+02
2.261387175545821435e+02 2.259043803109579187e+02 2.246951383412878442e+02
2.273933580151341971e+02 2.271616248552007846e+02 2.259448210488756672e+02
2.286525807420673573e+02 2.284234420462928483e+02 2.271990505108273624e+02
2.299164243263775234e+02 2.296898700241231950e+02 2.284578647148983919e+02
2.311849276944385849e+02 2.309609472609791965e+02 2.297213019796898834e+02
2.324581301129453550e+02 2.322367125664289347e+02 2.309894009595114426e+02
2.337360711939220437e+02 2.335172050922676021e+02 2.322622006493093636e+02
2.350187908997983186e+02 2.348024643375275673e+02 2.335397403896573110e+02
2.363063295485473816e+02 2.360925301535567939e+02 2.348220598718147869e+02
2.375987278188979133e+02 2.373874427491635117e+02 2.361091991428522761e+02
2.388960267556102224e+02 2.386872426958318556e+02 2.374011986108459666e+02
2.401982677748339370e+02 2.399919709330056605e+02 2.386980990501424742e+02
2.415054926695238180e+02 2.413016687734484265e+02 2.399999416066963533e+02
2.428177436149472328e+02 2.426163779086736554e+02 2.413067678034804828e+02
2.441350631742512860e+02 2.439361404144541723e+02 2.426186195459723081e+02
2.454574943041266124e+02 2.452609987564040352e+02 2.439355391277169076e+02
2.467850803605279282e+02 2.465909957956458243e+02 2.452575692359676509e+02
2.481178651044983212e+02 2.479261747945514571e+02 2.465847529574080568e+02
2.494558927080628621e+02 2.492665794225702314e+02 2.479171337839559044e+02
2.507992077602102654e+02 2.506122537621384367e+02 2.492547556186485735e+02
2.521478552729635112e+02 2.519632423146756821e+02 2.505976627816165490e+02
2.535018806875361861e+02 2.533195900066683919e+02 2.519459000161426161e+02
2.548613298805800014e+02 2.546813421958422339e+02 2.532995124948097896e+02
