2.327703195962444340e+02 2.457958637170859220e+02 1.714489667987577945e+02
2.321913067063065625e+02 2.446182384192490531e+02 1.699296449267545484e+02
2.316129703723398734e+02 2.434435338831119680e+02 1.684196242612956382e+02
2.310415345258295190e+02 2.422699682148880527e+02 1.669112347740847895e+02
2.304728374697073718e+02 2.410986714959733490e+02 1.654095578429248690e+02
2.299089626004662819e+02 2.399290136039591630e+02 1.639120417502619205e+02
2.293495634286116456e+02 2.387610499832536277e+02 1.624191041785066716e+02
2.287932250643040959e+02 2.375951493714671301e+02 1.609324274919292463e+02
2.282427665846345803e+02 2.364304510639495334e+02 1.594486469496399081e+02
2.276939303156410404e+02 2.352681590451135776e+02 1.579728034994670338e+02
2.271520394816263320e+02 2.341066654629125878e+02 1.564986201078667989e+02
2.266106593318467901e+02 2.329478356794890885e+02 1.550336344424838444e+02
2.260769472269955713e+02 2.317894937057756124e+02 1.535695111362305170e+02
2.255429639384597351e+02 2.306339827217017557e+02 1.521154414862860165e+02
2.250170258078991594e+02 2.294787469936340756e+02 1.506618643212821951e+02
2.244903670363132449e+02 2.283264143470178169e+02 1.492188033637887941e+02
2.239717803889303696e+02 2.271742481558845839e+02 1.477762840036792227e+02
2.234523509254493945e+02 2.260249595332457204e+02 1.463443708687612173e+02
2.229406836140302914e+02 2.248758326786058888e+02 1.449134377712199466e+02
2.224283754019060098e+02 2.237294570574731267e+02 1.434928475966721351e+02
2.219231739374105814e+02 2.225833498047444721e+02 1.420740595534906276e+02
2.214178562353731650e+02 2.214397627654911389e+02 1.406650154444123757e+02
2.209186540103493712e+02 2.202966637010814850e+02 1.392589525723181794e+02
2.204201734755936286e+02 2.191557477528473612e+02 1.378617262624244972e+02
2.199264891526916585e+02 2.180156546855501745e+02 1.364689920969291848e+02
2.194346679671037919e+02 2.168773002629098414e+02 1.350839067372054387e+02
2.189460059396917018e+02 2.157402205069347474e+02 1.337051279471600651e+02
2.184606399887761086e+02 2.146043270216653127e+02 1.323325607314171464e+02
2.179764909364713503e+02 2.134702776673109952e+02 1.309683866823133656e+02
2.174973480689266694e+02 2.123367546083240143e+02 1.296087712586596581e+02
2.170179052437520966e+02 2.112055176288879466e+02 1.282591554067748518e+02
2.165440080113020827e+02 2.100745308487884415e+02 1.269137020195685750e+02
2.160705452204879293e+02 2.089455076583101629e+02 1.255775868240842499e+02
2.155997921679362150e+02 2.078176262171039070e+02 1.242485984200284292e+02
2.151319975015467492e+02 2.066907557748459112e+02 1.229265763101410585e+02
2.146640332037408712e+02 2.055659626377132270e+02 1.216145935512423648e+02
2.142013565328723246e+02 2.044412710048916892e+02 1.203075148730630843e+02
2.137386840740268497e+02 2.033185216813280363e+02 1.190104425213459081e+02
2.132776717597851359e+02 2.021970889880763309e+02 1.177218759850688770e+02
2.128198869626486669e+02 2.010763611443434229e+02 1.164404782494189021e+02
2.123619367715541841e+02 1.999575392280567314e+02 1.151694345409170950e+02
2.119066099484690255e+02 1.988395624508125366e+02 1.139063198290769918e+02
2.114530147920319507e+02 1.977227173096725039e+02 1.126520575689607142e+02
2.109992327123573261e+02 1.966076875795049261e+02 1.114084165560937265e+02
2.105480326079881195e+02 1.954933945896378589e+02 1.101731210400274108e+02
2.100979671825858190e+02 1.943803437561411442e+02 1.089475523980940324e+02
2.096476288361902789e+02 1.932690415004448710e+02 1.077329918806626097e+02
2.091989162965554385e+02 1.921587224240228977e+02 1.065280027568354910e+02
2.087515454878630408e+02 1.910494545056962750e+02 1.053329860624349550e+02
2.083037445824649581e+02 1.899418971683545863e+02 1.041494855086504430e+02
2.078558108747562301e+02 1.888359058058698849e+02 1.029773854961574528e+02
2.074101160742488048e+02 1.877304973795709202e+02 1.018150693410016459e+02
2.069637583425691219e+02 1.866267951655938191e+02 1.006648946816216039e+02
2.065167208147628628e+02 1.855247803094415531e+02 9.952700665532640301e+01
2.060696162520106327e+02 1.844241742487434976e+02 9.840112920651714035e+01
2.056234202309956629e+02 1.833245389411218014e+02 9.728680227461754271e+01
2.051762033713801827e+02 1.822266384239995318e+02 9.618553688027786563e+01
2.047279062672020586e+02 1.811304728523492429e+02 9.509753682176877021e+01
2.042784574755851565e+02 1.800360476575106361e+02 9.402302179790412140e+01
2.038291514049886644e+02 1.789427825090092767e+02 9.296141978622164004e+01
2.033786923683910572e+02 1.778511984730639597e+02 9.191374703298836835e+01
2.029266042165853605e+02 1.767614766843713596e+02 9.088048000107330893e+01
2.024727733248611798e+02 1.756736449272787866e+02 8.986187958052322244e+01
2.020170743493026464e+02 1.745877371120833175e+02 8.885821689944476987e+01
2.015594907253453698e+02 1.735037395782508156e+02 8.786971560666765413e+01
2.011006339775774450e+02 1.724213546607273315e+02 8.689633722738315669e+01
2.006393179624116101e+02 1.713410925699554639e+02 8.593887076863882157e+01
2.001753829229316750e+02 1.702630098351952768e+02 8.499759817002734508e+01
1.997086598926093188e+02 1.691871689818265736e+02 8.407280250071728744e+01
1.992389713945124470e+02 1.681136384144160161e+02 8.316476578388059693e+01
1.987661322386761356e+02 1.670424922444915694e+02 8.227376672483757147e+01
1.982899504101671369e+02 1.659738100634539251e+02 8.140007836712659639e+01
1.978102280385809308e+02 1.649076766619900241e+02 8.054396570314928283e+01
1.973267624380650034e+02 1.638441816983138608e+02 7.970568326801682701e+01
1.968393472055257973e+02 1.627834193184726246e+02 7.888547274664422559e+01
1.963479403157544141e+02 1.617254054601770576e+02 7.808354097454092368e+01
1.958521339350974699e+02 1.606703378707126433e+02 7.730013215878354060e+01
1.953516939909362975e+02 1.596183336356288862e+02 7.653543356513526419e+01
1.948464184153649228e+02 1.585694971560058093e+02 7.578960670612535466e+01
1.943361068496703865e+02 1.575239349784385183e+02 7.506279036234215596e+01
1.938205617526801916e+02 1.564817552618649472e+02 7.435509888620121899e+01
1.932995894737437936e+02 1.554430672346277618e+02 7.366662070173937593e+01
1.927730012774430577e+02 1.544079806485522681e+02 7.299741701947915828e+01
1.922406143082311587e+02 1.533766052367344628e+02 7.234752078170734535e+01
1.917022524845351938e+02 1.523490501815057030e+02 7.171693584950851630e+01
1.911578384532828920e+02 1.513253742294932067e+02 7.110566865100416578e+01
1.906071513048584336e+02 1.503057156800271343e+02 7.051365434019338352e+01
1.900500100745759937e+02 1.492901949586627381e+02 6.994079929959559649e+01
1.894862704533670978e+02 1.482789155103962742e+02 6.938698762310390578e+01
1.889157985021579691e+02 1.472719777251402888e+02 6.885207365642487787e+01
1.883384709626717211e+02 1.462694785832470359e+02 6.833588270497808992e+01
1.877541754684278885e+02 1.452715113431048337e+02 6.783821194647990183e+01
1.871628106594626217e+02 1.442781652718385601e+02 6.735883152891291559e+01
1.865642862055526621e+02 1.432895254194050381e+02 6.689748583276411864e+01
1.859585227437447656e+02 1.423056724357026610e+02 6.645389487511521054e+01
1.853454517368510608e+02 1.413266824296878497e+02 6.602775583241570700e+01
1.847250592733918779e+02 1.403526000404206115e+02 6.561879542381117858e+01
1.840973366443654413e+02 1.393834670772981212e+02 6.522673116236134661e+01
1.834621492490656749e+02 1.384194042314203728e+02 6.485109640308640166e+01
1.828194697604593273e+02 1.374604686310731552e+02 6.449151231277717500e+01
1.821692801185851636e+02 1.365067126683680954e+02 6.414758595238286887e+01
1.815115710535042695e+02 1.355581840765726156e+02 6.381891204757672398e+01
1.808463415864637795e+02 1.346149260305153632e+02 6.350507472643722906e+01
1.801736354220309124e+02 1.336769526211963921e+02 6.320572090688103373e+01
1.794934814287354357e+02 1.327442871380962117e+02 6.292046517681264817e+01
1.788058368319661895e+02 1.318170019165666815e+02 6.264875228195194978e+01
1.781107295409618132e+02 1.308951228370806916e+02 6.239013960600969710e+01
1.774081931107677406e+02 1.299786719728863886e+02 6.214418182046745187e+01
1.766982662356141702e+02 1.290676677685513880e+02 6.191043217271346322e+01
1.759810330662679974e+02 1.281620951088707727e+02 6.168856502321177260e+01
1.752565181433541852e+02 1.272619812108350885e+02 6.147808830840180860e+01
1.745247460176557865e+02 1.263673542307006414e+02 6.127848159007054107e+01
1.737857719424645779e+02 1.254782195526283743e+02 6.108930324121180888e+01
1.730396540192161865e+02 1.245945798448291697e+02 6.091011525349533429e+01
1.722864743300133625e+02 1.237164174398393186e+02 6.074057762345462663e+01
1.715262928684870758e+02 1.228437308339974123e+02 6.058027314009900266e+01
1.707591483031658868e+02 1.219765365026629382e+02 6.042867228777769384e+01
1.699851072000549834e+02 1.211148275582365130e+02 6.028535761342576649e+01
1.692042373705136242e+02 1.202585951460805518e+02 6.014991794447914941e+01
1.684166286805972845e+02 1.194078078224607538e+02 6.002209405896389427e+01
1.676223323480125487e+02 1.185624691058128377e+02 5.990139667476709917e+01
1.668214101953304578e+02 1.177225730567641335e+02 5.978737971864777023e+01
1.660139333634604668e+02 1.168881038296236028e+02 5.967965929551397863e+01
1.651999781568110279e+02 1.160590380178729362e+02 5.957791374938507545e+01
1.643796206570997640e+02 1.152353490485142800e+02 5.948186182203987471e+01
1.635529184825491598e+02 1.144170337529260024e+02 5.939099539356103463e+01
1.627199440492423719e+02 1.136040704680210496e+02 5.930495883224551079e+01
1.618807702737816783e+02 1.127964353340113774e+02 5.922341421199593015e+01
1.610354734452422463e+02 1.119940915491948203e+02 5.914619255736328540e+01
1.601841176577050874e+02 1.111970297423786036e+02 5.907277162670501980e+01
1.593267761089905150e+02 1.104052228167636116e+02 5.900282279110896155e+01
1.584635221521773474e+02 1.096186421546920116e+02 5.893602719955181612e+01
1.575944252250659190e+02 1.088372497428041754e+02 5.887224629877356108e+01
1.567195596585596888e+02 1.080610253686259910e+02 5.881098378331139997e+01
1.558390001286094844e+02 1.072899362090751367e+02 5.875193582416948601e+01
1.549528205676809307e+02 1.065239473434593549e+02 5.869482654544086131e+01
1.540610879577007495e+02 1.057630207814136156e+02 5.863948454655840692e+01
1.531638859976061440e+02 1.050071239700774015e+02 5.858547124682381479e+01
1.522612923173872446e+02 1.042562175752493516e+02 5.853250547996908182e+01
1.513533803489803233e+02 1.035102604056516924e+02 5.848036349640716480e+01
1.504402246535807421e+02 1.027692106691818452e+02 5.842880622508045718e+01
1.495219148348202793e+02 1.020330242287422777e+02 5.837747253280289073e+01
1.485985332995075510e+02 1.013016542006813268e+02 5.832610254127212102e+01
1.476701535035180370e+02 1.005750533230133925e+02 5.827451554399794986e+01
1.467368664624211192e+02 9.985317052434801610e+01 5.822240839780809551e+01
1.457987641906293845e+02 9.913595192492398667e+01 5.816950036694871073e+01
1.448559346495459863e+02 9.842334229902992604e+01 5.811555823006406030e+01
1.439084591898356109e+02 9.771528641224644218e+01 5.806039916730146189e+01
1.429564428671551184e+02 9.701172151971202595e+01 5.800371945099693249e+01
1.419999804932524228e+02 9.631258516668334835e+01 5.794529646162611414e+01
1.410391664421273390e+02 9.561781332010482970e+01 5.788492416179118294e+01
1.400741025732076537e+02 9.492733803197018005e+01 5.782237473398191696e+01
1.391048930340963636e+02 9.424108877701448250e+01 5.775742735393680505e+01
1.381316406985225171e+02 9.355899367448553505e+01 5.768988293725273309e+01
1.371544585576637019e+02 9.288097575253465266e+01 5.761951533481149568e+01
1.361734515392730032e+02 9.220695904431325118e+01 5.754614783888125373e+01
1.351887282432717257e+02 9.153686482255636747e+01 5.746960154089396866e+01
1.342004079166225949e+02 9.087060895604984978e+01 5.738967173470967964e+01
1.332086129081366153e+02 9.020810447642392660e+01 5.730615942369816196e+01
1.322134459414937737e+02 8.954927034486040327e+01 5.721894735555260780e+01
1.312150222697832476e+02 8.889401963363958714e+01 5.712788354589957152e+01
1.302134917332486168e+02 8.824225047777217412e+01 5.703271821270021746e+01
1.292089559762925148e+02 8.759387845105129600e+01 5.693337130305202010e+01
1.282015253044433791e+02 8.694881486218383770e+01 5.682974026098639797e+01
1.271913243016676489e+02 8.630696427100669155e+01 5.672168772197103692e+01
1.261785274906252141e+02 8.566820946176466123e+01 5.660894737045537539e+01
1.251632047723250736e+02 8.503247520902998247e+01 5.649156164903953936e+01
1.241454764363949579e+02 8.439966498624066560e+01 5.636943173288999276e+01
1.231254845800141027e+02 8.376967220654998414e+01 5.624240970187426569e+01
1.221033931580369938e+02 8.314237993001856353e+01 5.611030494349828501e+01
1.210792650414200011e+02 8.251771365514684931e+01 5.597319107502321600e+01
1.200532187516197808e+02 8.189557482935759936e+01 5.583099978181822820e+01
1.190253986917756208e+02 8.127585308884096094e+01 5.568360717123775316e+01
1.179959744758774178e+02 8.065842631566543730e+01 5.553084185936982209e+01
1.169649896877439517e+02 8.004322707975278206e+01 5.537282830204002693e+01
1.159325576884392746e+02 7.943015736383524938e+01 5.520952699801014063e+01
1.148987905750675651e+02 7.881911942493960055e+01 5.504090402127665982e+01
1.138639171133080623e+02 7.820996330167548649e+01 5.486668350574857556e+01
1.128279324084712414e+02 7.760264260813379167e+01 5.468709136956562133e+01
1.117909417130630061e+02 7.699706212202872280e+01 5.450211388829945491e+01
1.107530480119109058e+02 7.639312754616754830e+01 5.431174288163320796e+01
1.097144000416735139e+02 7.579072392254890644e+01 5.411588229187111665e+01
1.086751299435268834e+02 7.518974359173495259e+01 5.391447483001009999e+01
1.076352548829107292e+02 7.459013081024659186e+01 5.370768196727780008e+01
1.065948671025926018e+02 7.399179615049537517e+01 5.349551623917116672e+01
1.055540560958054073e+02 7.339465150079176681e+01 5.327799441708162931e+01
1.045129373820077916e+02 7.279859703315345598e+01 5.305508621096932131e+01
1.034716666853664435e+02 7.220351473559865951e+01 5.282669349504708833e+01
1.024302252965323277e+02 7.160936591059497403e+01 5.259302325855203009e+01
1.013886906133268866e+02 7.101606844165054611e+01 5.235410732105179221e+01
1.003471370911636313e+02 7.042354169664899644e+01 5.210998039396196191e+01
9.930563623281491914e+01 6.983170653848053178e+01 5.186067983385171942e+01
9.826428787475475701e+01 6.924047111158634493e+01 5.160619506818569846e+01
9.722321375564696666e+01 6.864973379163824063e+01 5.134648125099531057e+01
9.618238751970764611e+01 6.805946040958571075e+01 5.108172721027889196e+01
9.514186844567572621e+01 6.746957802058928166e+01 5.081197885471200948e+01
9.410171294450216806e+01 6.688001511942614741e+01 5.053728353787941785e+01
9.306197459177259645e+01 6.629070161471139500e+01 5.025768985165819203e+01
9.202270416504342165e+01 6.570156879853129794e+01 4.997324742720651614e+01
9.098394968560690188e+01 6.511254931182745054e+01 4.968400674367968861e+01
8.994584559082962016e+01 6.452353691936060898e+01 4.938989045414548684e+01
8.890834896475342930e+01 6.393450555610492358e+01 4.909107677600738384e+01
8.787149250601591177e+01 6.334539498822657322e+01 4.878762801169131791e+01
8.683531346674463691e+01 6.275614294394027581e+01 4.847959625192817867e+01
8.579984662972954368e+01 6.216668825953028943e+01 4.816703356238442524e+01
8.476512436690038044e+01 6.157697082605186978e+01 4.784999184096514568e+01
8.373117669905710159e+01 6.098693153393168132e+01 4.752852268227267984e+01
8.269803135651613957e+01 6.039651221568477268e+01 4.720267724898416617e+01
8.166571384035053427e+01 5.980565558695053596e+01 4.687250614988636954e+01
8.063424748392993990e+01 5.921430518602778648e+01 4.653805932428596037e+01
7.960369378778541716e+01 5.862238755567505422e+01 4.619933402073218076e+01
7.857404627293651345e+01 5.802985912997297646e+01 4.585641278870899384e+01
7.754530335860961543e+01 5.743667383474986110e+01 4.550936714685739304e+01
7.651748032818902345e+01 5.684277785633689462e+01 4.515824309194616148e+01
7.549059061934974579e+01 5.624811787443449873e+01 4.480308544811411764e+01
7.446464588129791196e+01 5.565264099600625514e+01 4.444393778453214594e+01
7.343965603084798488e+01 5.505629468838235141e+01 4.408084233699980814e+01
7.241562930722795954e+01 5.445902671158737718e+01 4.371383993311576432e+01
7.139257232552017740e+01 5.386078504988654458e+01 4.334296992065801390e+01
7.037049012866908981e+01 5.326151784252612487e+01 4.296827009881364745e+01
6.934938623800377400e+01 5.266117331362237763e+01 4.258977665189323147e+01
6.832926270224500342e+01 5.205969970113449818e+01 4.220752408517117971e+01
6.731012014498341500e+01 5.145704518483577772e+01 4.182154516249186571e+01
6.629195781064066750e+01 5.085315781317527239e+01 4.143187084528716468e+01
6.527477360894022240e+01 5.024798542890169273e+01 4.103853023265357791e+01
6.425856415794332577e+01 4.964147559329595794e+01 4.064155050214309739e+01
6.324332482572373237e+01 4.903357550883582405e+01 4.024095685092856911e+01
6.222904977078704292e+01 4.842423194008773635e+01 3.983677243701293946e+01
6.121573198136513838e+01 4.781339113259238616e+01 3.942901832016282526e+01
6.020336331375436600e+01 4.720099872947876207e+01 3.901771340226125773e+01
5.919193452989954096e+01 4.658699968550495640e+01 3.860287436679296036e+01
5.818143533448064630e+01 4.597133817818237844e+01 3.818451561720122811e+01
5.717185441180328098e+01 4.535395751559577349e+01 3.776264921388600726e+01
5.616317946287025364e+01 4.473480004047384284e+01 3.733728480965818619e+01
5.515539724308700897e+01 4.411380703000543946e+01 3.690842958352075698e+01
5.414849360115892551e+01 4.349091859081685385e+01 3.647608817272406867e+01
5.314245351986298260e+01 4.286607354843832240e+01 3.604026260314346786e+01
5.213726115954012386e+01 4.223920933047470072e+01 3.560095221816269628e+01
5.113289990535881202e+01 4.161026184255994309e+01 3.515815360642473308e+01
5.012935321603978167e+01 4.097916502948929462e+01 3.471185967963355523e+01
4.912660223894782519e+01 4.034585167796672067e+01 3.426206221200208546e+01
4.812462806945024596e+01 3.971025241001796502e+01 3.380874941921412358e+01
4.712341167842595979e+01 3.907229558100742395e+01 3.335190606205065933e+01
4.612293360729294278e+01 3.843190725267472629e+01 3.289151381332649038e+01
4.512317408260678775e+01 3.778901099276887265e+01 3.242755120730889473e+01
4.412411315706636827e+01 3.714352765219582864e+01 3.195999360424744040e+01
4.312573088554128731e+01 3.649537511463774564e+01 3.148881317695309079e+01
4.212800754795988212e+01 3.584446801198378552e+01 3.101397892884962104e+01
4.113092393556693338e+01 3.519071739663147724e+01 3.053545675624931377e+01
4.013446172393192768e+01 3.453403035844062430e+01 3.005320957204741461e+01
3.913860396634199645e+01 3.387430956935770610e+01 2.956719751390095041e+01
3.814333575677710542e+01 3.321145273168210110e+01 2.907737826760161681e+01
3.714864513564122461e+01 3.254535189537532602e+01 2.858370754601941499e+01
3.615452434897284917e+01 3.187589259371840100e+01 2.808613977558709962e+01
3.516097163159736994e+01 3.120295272176019807e+01 2.758462905470931759e+01
3.416799378117265462e+01 3.052640104309793401e+01 2.707913045813171138e+01
