3.966783399542903599e+00 3.525228259348341453e+01 5.146177604623677837e+01
4.131468266318808702e+00 3.596793943608854249e+01 5.328901069874059715e+01
4.298404803906315408e+00 3.667588866235677614e+01 5.514086351413911302e+01
4.469232165195447415e+00 3.737578989203391444e+01 5.701792341924812746e+01
4.645773277541649371e+00 3.806728327507057230e+01 5.892077668496502696e+01
4.830051484100494008e+00 3.874998741591129914e+01 6.085000841554777651e+01
5.023417329539157095e+00 3.942337009132305070e+01 6.280776840926808546e+01
5.228345357420932871e+00 4.008696376883870727e+01 6.479476284605244985e+01
5.448638503312182912e+00 4.074044477204466119e+01 6.680978220543860857e+01
5.687368727525488055e+00 4.138332619207235297e+01 6.885336890986597780e+01
5.947927172831867892e+00 4.201508898050273899e+01 7.092605549974746282e+01
6.234055950395430479e+00 4.263517952092049512e+01 7.302836039051459238e+01
6.549883154370903959e+00 4.324300718449053704e+01 7.516078235920589634e+01
6.899961322100351069e+00 4.383794190291717285e+01 7.732379358858233331e+01
7.289309549206549832e+00 4.441931180427154402e+01 7.951783106229389375e+01
7.723459448524462090e+00 4.498640097260556558e+01 8.174328606717853063e+01
8.208505104932660501e+00 4.553844741165789856e+01 8.400049151822898352e+01
8.751157120061812122e+00 4.607464131705961563e+01 8.628970677818898594e+01
9.358800755815833483e+00 4.659412379114326086e+01 8.861109959751335907e+01
1.003955806649362970e+01 4.709598617075236149e+01 9.096472475234905630e+01
1.078770899671846628e+01 4.757927018240299333e+01 9.335049890965942154e+01
1.158752750072374305e+01 4.804296919187172676e+01 9.576817120182134602e+01
1.244371812110418851e+01 4.848603087781204835e+01 9.821728895129082559e+01
1.335834074976868457e+01 4.890736173214026650e+01 1.006971579539724360e+02
1.433328716637361389e+01 4.930583387405074092e+01 1.032067967143743772e+02
1.537028047685999077e+01 4.968029475916468130e+01 1.057448840354365274e+02
1.647177380170658267e+01 5.002787570965749353e+01 1.083167221568141514e+02
1.763909940735017301e+01 5.034868753424665755e+01 1.109141056603502591e+02
1.887356470843323208e+01 5.064156523304522750e+01 1.135342250215734765e+02
2.017721308097179289e+01 5.090441186388719075e+01 1.161771216638450142e+02
2.155279038292495741e+01 5.113474742118304306e+01 1.188429726724763498e+02
2.299945059524402069e+01 5.133352594167282490e+01 1.215197088679456954e+02
2.452189862761650829e+01 5.149654950262899433e+01 1.242116336027778800e+02
2.611847668040547177e+01 5.162526544721681887e+01 1.269044787805511163e+02
2.779357889136256077e+01 5.171626582372974212e+01 1.295979075818229092e+02
2.954423246648003953e+01 5.177197546704744724e+01 1.322747540358028004e+02
3.137581871780748699e+01 5.178891824282427336e+01 1.349328358143576168e+02
3.328455571264704815e+01 5.177055431883255920e+01 1.375521304728397922e+02
3.526902769298995111e+01 5.171898815023664042e+01 1.401165779845918848e+02
3.732682503384247497e+01 5.163754511657636925e+01 1.426077634560185459e+02
3.945325132016229475e+01 5.153169236174176859e+01 1.450037768346304290e+02
4.164074772647668965e+01 5.140939335043077563e+01 1.472797599787557203e+02
4.387856990961817161e+01 5.128119592759357914e+01 1.494091880508179031e+02
4.615289936561710249e+01 5.115989836925020029e+01 1.513659137450053151e+02
4.844750608914236523e+01 5.105971038090419967e+01 1.531267520788412071e+02
5.074493476948734383e+01 5.099497464618507792e+01 1.546741136645899530e+02
5.302800936656971231e+01 5.097868854683561324e+01 1.559980510895282748e+02
5.528132658551972156e+01 5.102117367606645360e+01 1.570971850846022164e+02
5.749240855733432198e+01 5.112921058219340864e+01 1.579783119182946507e+02
5.965231070159676108e+01 5.130579559347118135e+01 1.586549010622273101e+02
6.175566244070489574e+01 5.155047264944470697e+01 1.591449733232302890e+02
6.380026756438318358e+01 5.186004651992254111e+01 1.594689020547788516e+02
6.578645740685108478e+01 5.222944214859535350e+01 1.596475425619272812e+02
6.771637773958748596e+01 5.265251970471032195e+01 1.597008834916101705e+02
6.959333493809495508e+01 5.312273621889405462e+01 1.596472320661836761e+02
7.142126484676251152e+01 5.363361945461441849e+01 1.595028382592598746e+02
7.320221438784255952e+01 5.417963035338526367e+01 1.592837102435630356e+02
7.494070969601260401e+01 5.475498475667305343e+01 1.590021946726932072e+02
7.664221894326473716e+01 5.535429112280274921e+01 1.586674235424119956e+02
7.830651621423322695e+01 5.597402495138786094e+01 1.582926521081606950e+02
7.994036528151492860e+01 5.660956905997948496e+01 1.578820300677609225e+02
8.154385871209788661e+01 5.725821909337490467e+01 1.574457575927770279e+02
8.312223594401672244e+01 5.791665156551005111e+01 1.569863977680044513e+02
8.467476678172890558e+01 5.858302746107502657e+01 1.565131724259128987e+02
8.620683133870221582e+01 5.925474094374204981e+01 1.560258448899413111e+02
8.771789422339101350e+01 5.993048445144540182e+01 1.555316567610271079e+02
8.921074748327744430e+01 6.060862811967481889e+01 1.550322192564440513e+02
9.068780679462008720e+01 6.128782309865869848e+01 1.545288141891798830e+02
9.214900053674115554e+01 6.196727342282920858e+01 1.540261553423378302e+02
9.359607893438665371e+01 6.264604972026907603e+01 1.535254942161299709e+02
9.503107403320628066e+01 6.332330760041751461e+01 1.530270137822150787e+02
9.645497283251908982e+01 6.399846236981358771e+01 1.525322349929868722e+02
9.786800097856738034e+01 6.467113228341257525e+01 1.520437185470115367e+02
9.927120281112645728e+01 6.534088726950447779e+01 1.515622602743941343e+02
1.006661202712837877e+02 6.600727786838417899e+01 1.510874069748250008e+02
1.020535231252153778e+02 6.667002182414381650e+01 1.506198532830288173e+02
1.034341431891671448e+02 6.732888411983883259e+01 1.501601441576137859e+02
1.048086776884622964e+02 6.798366928407413923e+01 1.497086919675504362e+02
1.061777204064480884e+02 6.863422779687594755e+01 1.492659317604082787e+02
1.075414873906880899e+02 6.928050440450257952e+01 1.488328826334546306e+02
1.089011758053948000e+02 6.992228280973387200e+01 1.484084965800313682e+02
1.102573616748763925e+02 7.055946970815303132e+01 1.479928010424301590e+02
1.116105992013076218e+02 7.119198694114804482e+01 1.475857486787203356e+02
1.129614222644153045e+02 7.181976875662702753e+01 1.471872247013304786e+02
1.143103457000193686e+02 7.244275954710762733e+01 1.467970532623915290e+02
1.156578663730298473e+02 7.306091200273256447e+01 1.464150030097839590e+02
1.170044640591061693e+02 7.367418562500382961e+01 1.460407919251889837e+02
1.183506021480217782e+02 7.428254555423809791e+01 1.456740915440480251e+02
1.196967281808420154e+02 7.488596166999650450e+01 1.453145306470792946e+02
1.210432742323044693e+02 7.548440792911968344e+01 1.449616985038003634e+02
1.223906571492763646e+02 7.607786191060138492e+01 1.446151477402446801e+02
1.237392786558432931e+02 7.666630454042763176e+01 1.442743968956226581e+02
1.250895253354232466e+02 7.724971997280373159e+01 1.439389327259658842e+02
1.264417685003047183e+02 7.782809560693671358e+01 1.436082123066920246e+02
1.277963639591142737e+02 7.840142222083790102e+01 1.432816649804385065e+02
1.291536516929538152e+02 7.896969420549945085e+01 1.429586941913551357e+02
1.305139554512294069e+02 7.953290988436344833e+01 1.426386792422285623e+02
1.318775822785327421e+02 8.009107190428842671e+01 1.423209770062678388e+02
1.332448219842893877e+02 8.064418768527627890e+01 1.420049236210594472e+02
1.346159465672172075e+02 8.119226991710976904e+01 1.416898361880392088e+02
1.359912096069203926e+02 8.173533709180479434e+01 1.413750144968071822e+02
1.373708456351561722e+02 8.227341406143753488e+01 1.410597427897041030e+02
1.387550694994025662e+02 8.280653261151381628e+01 1.407432915782512737e+02
1.401440757313212089e+02 8.333473204062055117e+01 1.404249195193519029e+02
1.415380379325171702e+02 8.385805973768123067e+01 1.401038753555491212e+02
1.429371081896231317e+02 8.437657174873571364e+01 1.397793999201770987e+02
1.443414127711658352e+02 8.489033479863483933e+01 1.394507354196495896e+02
1.457509510964054300e+02 8.539946697398956132e+01 1.391173205954739558e+02
1.471659341593804697e+02 8.590400440402339655e+01 1.387781426695570417e+02
1.485864245299619597e+02 8.640404205961499429e+01 1.384324295722388456e+02
1.500124610562930911e+02 8.689968603269322500e+01 1.380794122111609852e+02
1.514440586542849019e+02 8.739105392073528833e+01 1.377183267065528298e+02
1.528812081828474163e+02 8.787827516612999545e+01 1.373484166232728114e+02
1.543238764074746143e+02 8.836149134908872327e+01 1.369689351820825891e+02
1.557720060530123760e+02 8.884085643382944397e+01 1.365791474320128884e+02
1.572255159446015966e+02 8.931653696882644056e+01 1.361783323655279787e+02
1.586843012339809889e+02 8.978871224294162801e+01 1.357657849585148711e+02
1.601482337065538673e+02 9.025757440026102074e+01 1.353408181179126473e+02
1.616171621629464994e+02 9.072332851738468662e+01 1.349027645210200603e+02
1.630909072773603725e+02 9.118619521875253042e+01 1.344509896572104992e+02
1.645692862106080838e+02 9.164639962035438714e+01 1.339848446388684806e+02
1.660520981097742776e+02 9.210417801295899665e+01 1.335036969518234855e+02
1.675391045769827940e+02 9.255978728196475913e+01 1.330069731199177738e+02
1.690300467308519217e+02 9.301349738340987017e+01 1.324941267967226963e+02
1.705246458221416219e+02 9.346559132106598611e+01 1.319646397686021544e+02
1.720226038488237350e+02 9.391636512851874841e+01 1.314180228020860284e+02
1.735236041577153117e+02 9.436612786323428281e+01 1.308538163393516811e+02
1.750273120199622667e+02 9.481520161940164826e+01 1.302715910485256927e+02
1.765333751680488774e+02 9.526392156599639804e+01 1.296709482383694478e+02
1.780414242825679310e+02 9.571263601602643689e+01 1.290515201495933297e+02
1.795510734177473751e+02 9.616170653232009613e+01 1.284129701375738364e+02
1.810619555479833309e+02 9.661149075364612315e+01 1.277549095153481744e+02
1.825736892276479750e+02 9.706235895845591699e+01 1.270769711474966783e+02
1.840857814964032002e+02 9.751474247915267313e+01 1.263790466648398905e+02
1.855977804663913275e+02 9.796905893215154038e+01 1.256609268200745930e+02
1.871092183793251138e+02 9.842574049316253593e+01 1.249224339156754269e+02
1.886196115125625568e+02 9.888523427376267705e+01 1.241634217710877266e+02
1.901284599819689163e+02 9.934800274327868408e+01 1.233837757302946727e+02
1.916352474410185494e+02 9.981452419239636242e+01 1.225834127354307554e+02
1.931394406773084427e+02 1.002852932332844063e+02 1.217622814924417440e+02
1.946404891094940979e+02 1.007608213292539290e+02 1.209203627548711779e+02
1.961378241896091765e+02 1.012416373450458025e+02 1.200576697516665519e+02
1.976308587178625658e+02 1.017282881067202567e+02 1.191742487844455951e+02
1.991189860793016067e+02 1.022213389578176503e+02 1.182701800188880839e+02
2.006015794142623179e+02 1.027213742959291238e+02 1.173455784938022788e+02
2.020779907372949253e+02 1.032289980710616106e+02 1.164005953698734714e+02
2.035475500223155052e+02 1.037448342241965378e+02 1.154354194380895819e+02
2.050095642750894740e+02 1.042695270412281872e+02 1.144502789052354501e+02
2.064633166178488750e+02 1.048037413940452751e+02 1.134454434705667296e+02
2.079080897243248955e+02 1.053481518508491632e+02 1.124211361455310652e+02
2.093431130806993679e+02 1.059034666848709918e+02 1.113777194239979877e+02
2.107675619719140059e+02 1.064704266233606376e+02 1.103157179110876456e+02
2.121806161537798232e+02 1.070497777063848304e+02 1.092355972574325023e+02
2.135814286008490512e+02 1.076422846293031768e+02 1.081378787410854159e+02
2.149691254262406517e+02 1.082487295206979638e+02 1.070231429463860593e+02
2.163428061009461203e+02 1.088699103222620437e+02 1.058920336614859252e+02
2.177015440318245965e+02 1.095066387203207796e+02 1.047452619482884586e+02
2.190443875608144424e+02 1.101597375791352391e+02 1.035836103249540940e+02
2.203703614500042249e+02 1.108300378284420020e+02 1.024079369861812552e+02
2.216784689177167706e+02 1.115183747622647417e+02 1.012191799704532684e+02
2.229676942890936857e+02 1.122255837133515115e+02 1.000183611666920314e+02
2.242370063202974393e+02 1.129524950780968453e+02 9.880659003584112554e+01
2.254853622477718886e+02 1.136999286809061687e+02 9.758506690652227178e+01
2.267117126024676850e+02 1.144686874849188740e+02 9.635508568899568616e+01
2.279150141890943360e+02 1.152595513268215512e+02 9.511795836785536551e+01
2.290942112559216355e+02 1.160732689624190215e+02 9.387526007758422963e+01
2.302482694420647533e+02 1.169105478777326823e+02 9.262860248669389307e+01
2.313761774438442842e+02 1.177720474086818001e+02 9.137967366436117800e+01
2.324769535802314238e+02 1.186583702508937535e+02 9.013025293392878723e+01
2.335496547973204997e+02 1.195700539399717997e+02 8.888220584028621829e+01
2.345933859542238054e+02 1.205075625653943945e+02 8.763747737529172355e+01
2.356073091789882881e+02 1.214712789634654371e+02 8.639808341579941953e+01
2.365906530503626470e+02 1.224614976505420145e+02 8.516610038554708240e+01
2.375427213353996478e+02 1.234784187628372507e+02 8.394365321646637312e+01
2.384629009968317064e+02 1.245221432613132464e+02 8.273290175420208925e+01
2.393506691804503532e+02 1.255926696380925023e+02 8.153602582326891479e+01
2.402055989034107029e+02 1.266898923239146910e+02 8.035520923516480707e+01
2.410273631905726006e+02 1.278136019451189469e+02 7.919262308336639933e+01
2.418157374477509620e+02 1.289634875153165581e+02 7.805040871793286783e+01
2.425705999167647633e+02 1.301391405745557108e+02 7.693066082534654981e+01
2.432919301249409330e+02 1.313400612115058266e+02 7.583541105299390495e+01
2.439798053174395704e+02 1.325656658270094113e+02 7.476661261037662598e+01
2.446343949398160476e+02 1.338152964254220763e+02 7.372612625026718547e+01
2.452559533154432643e+02 1.350882311585069147e+02 7.271570798380840017e+01
2.458448107326688330e+02 1.363836957994566319e+02 7.173699881676235179e+01
2.464013632152395417e+02 1.377008757949504911e+02 7.079151671390236800e+01
2.469260612929220429e+02 1.390389285325693152e+02 6.988065091002123097e+01
2.474193981150554293e+02 1.403969954693591546e+02 6.900565859480764175e+01
2.478826849287782750e+02 1.417734781363014633e+02 6.816973796077131453e+01
2.483160009954067959e+02 1.431679924184845731e+02 6.737231006752696771e+01
2.487199242078384032e+02 1.445796878732941764e+02 6.661418661198746349e+01
2.490950496964701415e+02 1.460077205388355992e+02 6.589610628895904654e+01
2.494419575444715633e+02 1.474512811975410500e+02 6.521868088910694894e+01
2.497612026422810345e+02 1.489096020392707374e+02 6.458240265118240586e+01
2.500533057418300018e+02 1.503819618781264467e+02 6.398765262276309329e+01
2.503193505550502209e+02 1.518671993480367917e+02 6.343570265835599997e+01
2.505619281461034689e+02 1.533630001840466548e+02 6.292989159861283355e+01
2.507793442747787651e+02 1.548705355255743257e+02 6.246656377059153442e+01
2.509719638685053837e+02 1.563892839047615837e+02 6.204569005446408170e+01
2.511400879949700027e+02 1.579187816186082784e+02 6.166717003061308588e+01
2.512855643175859086e+02 1.594574184312935472e+02 6.133278979968872591e+01
2.514112843904570127e+02 1.610028983717497795e+02 6.104508636992466819e+01
2.515139150960708605e+02 1.625575483549166051e+02 6.079926763441074655e+01
2.515935206735165934e+02 1.641211180076201117e+02 6.059495399919519798e+01
2.516529473071780956e+02 1.656914059363429601e+02 6.043443361236392519e+01
2.516948734967050711e+02 1.672664432841736755e+02 6.031923021714450783e+01
2.517145850518419081e+02 1.688493950157189261e+02 6.024416908886094291e+01
2.517118982240123159e+02 1.704401926589859215e+02 6.020868987583779131e+01
2.516965300435048505e+02 1.720322174211979984e+02 6.021956684182676867e+01
2.516597058352971032e+02 1.736312645159502495e+02 6.026898501326858337e+01
2.516006683906065575e+02 1.752376450627098450e+02 6.035596963359091660e+01
2.515302027058572207e+02 1.768443362587879335e+02 6.048664212007821561e+01
2.514391310794226513e+02 1.784571615108295646e+02 6.065407836097130456e+01
2.513263910491808417e+02 1.800766210682747328e+02 6.085711341200266844e+01
2.512047523973861587e+02 1.816947830992106674e+02 6.110151508568774403e+01
2.510606428171994366e+02 1.833199168920267255e+02 6.137920036361585829e+01
2.509000898178323098e+02 1.849482633751752303e+02 6.169227678524412539e+01
2.507264952193972647e+02 1.865777906224539890e+02 6.204101810548898044e+01
2.505295022017751023e+02 1.882144802710270710e+02 6.242027631193408155e+01
2.503252250095894169e+02 1.898489809232367520e+02 6.283502424261788377e+01
2.500991871727098896e+02 1.914895488650134325e+02 6.327895442486679656e+01
2.498586185550438188e+02 1.931320198629749427e+02 6.375349724703443854e+01
2.496040126919560009e+02 1.947761147223670832e+02 6.425758716211973365e+01
2.493281542223064662e+02 1.964257107113823508e+02 6.478827331453477711e+01
2.490452234471684676e+02 1.980731311660491087e+02 6.534793380627337456e+01
2.487361029212748349e+02 1.997285278474113284e+02 6.593112621637136783e+01
2.484237291561834979e+02 2.013797980343972256e+02 6.654153864357736836e+01
2.480853098343754084e+02 2.030387801120805875e+02 6.717368057344708632e+01
2.477400825243644533e+02 2.046955491891553436e+02 6.782986793496561972e+01
2.473719643835270290e+02 2.063582339647096831e+02 6.850648914499542741e+01
2.469944560367877955e+02 2.080200402551761556e+02 6.920443199394118494e+01
2.465959826360108877e+02 2.096866562711925042e+02 6.992118686569915553e+01
2.461866174943531860e+02 2.113531365948843472e+02 7.065689023372897282e+01
2.457568661177019180e+02 2.130240148905315607e+02 7.140959469501248691e+01
2.453159042013542432e+02 2.146949015004137209e+02 7.217913843873741087e+01
2.448536745681084312e+02 2.163704675329489646e+02 7.296379740399721925e+01
2.443811956775078329e+02 2.180455845820543459e+02 7.376337859952397480e+01
2.438849969820356307e+02 2.197263507893320025e+02 7.457620487171672607e+01
2.433808847002066784e+02 2.214056103387376311e+02 7.540217241336401344e+01
2.428489207063554147e+02 2.230921693134258987e+02 7.623959818571859159e+01
2.423128463838282016e+02 2.247755669105061145e+02 7.708848002466284299e+01
2.417436033357600991e+02 2.264683278354694096e+02 7.794717506681040220e+01
2.411744048735782258e+02 2.281561950304308368e+02 7.881568581441706556e+01
2.405720654768997235e+02 2.298531525941243956e+02 7.969260553096233934e+01
2.399622970721375737e+02 2.315483772111575149e+02 8.057761310618521122e+01
2.393259475189251759e+02 2.332497109221602614e+02 8.146977950181447170e+01
2.386726326275402243e+02 2.349531272168196381e+02 8.236852959422360243e+01
2.380010876231353052e+02 2.366590827170232672e+02 8.327319446381875423e+01
2.373008491872795389e+02 2.383715798828509378e+02 8.418314516473023446e+01
2.365926336638197256e+02 2.400824632260253111e+02 8.509779234063302056e+01
2.358469287142085307e+02 2.418029900340904135e+02 8.601659178220114654e+01
2.350949907499796154e+02 2.435211532722913716e+02 8.693894756151713921e+01
2.343096538892953902e+02 2.452470786215806982e+02 8.786440642942687873e+01
2.335017604542623531e+02 2.469765500584860831e+02 8.879245096851686014e+01
2.326745128902497015e+02 2.487083052560037686e+02 8.972260674824124749e+01
2.318056696251879316e+02 2.504501386120259951e+02 9.065449063963804122e+01
