253.17348002,253.56523110,204.03472987
251.15904866,252.79540189,202.80842514
249.14567130,252.02716606,201.59579555
247.13295308,251.26061678,200.39677500
245.11574258,250.49771137,199.21062710
243.09745957,249.73699254,198.03804331
241.07877930,248.97811077,196.87922305
239.05737903,248.22187239,195.73400827
237.03151158,247.46883158,194.60242050
235.00418388,246.71773256,193.48499343
232.97498778,245.96863190,192.38186405
230.94112126,245.22246054,191.29304444
228.90253302,244.47910592,190.21883170
226.86105923,243.73777385,189.15960431
224.81631236,242.99849041,188.11559656
222.76765979,242.26136212,187.08706336
220.71155298,241.52750353,186.07429613
218.65126577,240.79561908,185.07768559
216.58645353,240.06569827,184.09755108
214.51678484,239.33772045,183.13423305
212.44194336,238.61165439,182.18809247
210.36068356,237.88776957,181.25957332
208.27218038,237.16617818,180.34915857
206.17790211,236.44624099,179.45716579
204.07762171,235.72787980,178.58402071
201.97113981,235.01100320,177.73016462
199.85828804,234.29550599,176.89605300
197.73893260,233.58126855,176.08215401
195.61297821,232.86815622,175.28894672
193.48037230,232.15601868,174.51691908
191.34110954,231.44468933,173.76656558
189.19523667,230.73398477,173.03838463
187.04285757,230.02370425,172.33287554
184.88413858,229.31362924,171.65053519
182.71931407,228.60352305,170.99185424
180.54869208,227.89313059,170.35731301
178.37266015,227.18217826,169.74737695
176.19169110,226.47037396,169.16249166
174.00634871,225.75740733,168.60307758
171.81729331,225.04295016,168.06952427
169.62528690,224.32665709,167.56218446
167.43119803,223.60816647,167.08136769
165.23600584,222.88710158,166.62733388
163.04080353,222.16307213,166.20028673
160.84617439,221.43581862,165.80064482
158.65288615,220.70504457,165.42877882
156.46361813,219.97004451,165.08416321
154.27996484,219.23038845,164.76669656
152.10363353,218.48564571,164.47618813
149.93594431,217.73548832,164.21262810
147.77806225,216.97963439,163.97610702
145.63343795,216.21737578,163.76536483
143.50417835,215.44831399,163.57979329
141.39198346,214.67215444,163.41899312
139.29874401,213.88858999,163.28242170
137.22777144,213.09709758,163.16847357
135.18132033,212.29738331,163.07612577
133.16093194,211.48929764,163.00482852
131.16966759,210.67247675,162.95275990
129.20977801,209.84672663,162.91856066
127.28312415,209.01194058,162.90108235
125.39193293,208.16798860,162.89871239
123.53814279,207.31481249,162.90992362
121.72347836,206.45240952,162.93322322
119.94955666,205.58081607,162.96704169
118.21765675,204.70012987,163.00999273
116.52904877,203.81047070,163.06049765
114.88483490,202.91199817,163.11693545
113.28551802,202.00493975,163.17827913
111.73168367,201.08952660,163.24320445
110.22410402,200.16600254,163.30975687
108.76248880,199.23468068,163.37749866
107.34682985,198.29586136,163.44536805
105.97719440,197.34986378,163.51179660
104.65315367,196.39702847,163.57592985
103.37402880,195.43769023,163.63736526
102.13921287,194.47218808,163.69533111
100.94813168,193.50089305,163.74846127
99.79981597,192.52414999,163.79637711
98.69322669,191.54228344,163.83891454
97.62735018,190.55562847,163.87557485
96.60110047,189.56451494,163.90591806
95.61334169,188.56934531,163.92862719
94.66278614,187.57036750,163.94433528
93.74819820,186.56788681,163.95277242
92.86831006,185.56219979,163.95371040
92.02182979,184.55359332,163.94696410
91.20744324,183.54234802,163.93235702
90.42369483,182.52880770,163.90917436
89.66937314,181.51314878,163.87803378
88.94316902,180.49561506,163.83889558
88.24378191,179.47643974,163.79174892
87.56992472,178.45584547,163.73660957
86.92032811,177.43404437,163.67351770
86.29374437,176.41123823,163.60253585
85.68895078,175.38761861,163.52374700
85.10475258,174.36336702,163.43725274
84.53992873,173.33867488,163.34306067
83.99332115,172.31371182,163.24127229
83.46392436,171.28859855,163.13221663
82.95067981,170.26347836,163.01605190
82.45256571,169.23848567,162.89294756
81.96859806,168.21374632,162.76308313
81.49783141,167.18937773,162.62664721
81.03935940,166.16548917,162.48383643
80.59231513,165.14218197,162.33485459
80.15587137,164.11954968,162.17991180
79.72924057,163.09767835,162.01922365
79.31167484,162.07664666,161.85301055
78.90246571,161.05652614,161.68149697
78.50094383,160.03738135,161.50491082
78.10647865,159.01927005,161.32348282
77.71847791,158.00224333,161.13744595
77.33638716,156.98634581,160.94703486
76.95968919,155.97161577,160.75248538
76.58790343,154.95808530,160.55403399
76.22058529,153.94578041,160.35191736
75.85732553,152.93472117,160.14637188
75.49774955,151.92492185,159.93763319
75.14151666,150.91639102,159.72593580
74.78831942,149.90913165,159.51151260
74.43788286,148.90314124,159.29459449
74.08996377,147.89841191,159.07540996
73.74434997,146.89493050,158.85418470
73.40085959,145.89267866,158.63114121
73.05932956,144.89163611,158.40648653
72.71962148,143.89177886,158.18041928
72.38167479,142.89306327,157.95318857
72.04542228,141.89545088,157.72500105
71.71082336,140.89889849,157.49605822
71.37786335,139.90335822,157.26655610
71.04655278,138.90877761,157.03668480
70.71692670,137.91509967,156.80662819
70.38904405,136.92226298,156.57656351
70.06298695,135.93020171,156.34666097
69.73886006,134.93884574,156.11708340
69.41678993,133.94812067,155.88798584
69.09692436,132.95794791,155.65951515
68.77943181,131.96824474,155.43180957
68.46450069,130.97892434,155.20499832
68.15233885,129.98989585,154.97920115
67.84317286,129.00106445,154.75452785
67.53724752,128.01233135,154.53107780
67.23482518,127.02359387,154.30893940
66.93618516,126.03474547,154.08818956
66.64162318,125.04567581,153.86889305
66.35145420,124.05626963,153.65110561
66.06605831,123.06639164,153.43492302
65.78572555,122.07593681,153.22031415
65.51080988,121.08478035,153.00728662
65.24167843,120.09279391,152.79583189
64.97871089,119.09984568,152.58592412
64.72229882,118.10580040,152.37751912
64.47284498,117.11051953,152.17055304
64.23076258,116.11386123,151.96494092
63.99647454,115.11568058,151.76057514
63.77041272,114.11582966,151.55732366
63.55301699,113.11415774,151.35502799
63.34473440,112.11051147,151.15350102
63.14601814,111.10473518,150.95252448
62.95732645,110.09667116,150.75184620
62.77912147,109.08616006,150.55117692
62.61186791,108.07304138,150.35018678
62.45603156,107.05715402,150.14850140
62.31209068,106.03833251,149.94570923
62.18077570,105.01632380,149.74157193
62.06233626,103.99104198,149.53535461
61.95723289,102.96232904,149.32645757
61.86591707,101.93003152,149.11420771
61.78882801,100.89400232,148.89785046
61.72638905,99.85410288,148.67654098
61.67900337,98.81020571,148.44933430
61.64704916,97.76219748,148.21517447
61.63087396,96.70998260,147.97288267
61.63114293,95.65336248,147.72139411
61.64868837,94.59209066,147.45959949
61.68297228,93.52641783,147.18530284
61.73414762,92.45636859,146.89667588
61.80228956,91.38201594,146.59168905
61.88794700,90.30329169,146.26840827
61.99193228,89.22006712,145.92477868
62.11265543,88.13309260,145.55725231
62.24969938,87.04274656,145.16279496
62.40411652,85.94894597,144.73876073
62.57439365,84.85255722,144.28109637
62.75859778,83.75464506,143.78553600
62.95725922,82.65549582,143.24844607
63.16750356,81.55662693,142.66496379
63.38690963,80.45945583,142.03046431
63.61440058,79.36501693,141.34054113
63.84509465,78.27563681,140.59048549
64.07685010,77.19276794,139.77627794
64.30472038,76.11874707,138.89440076
64.52464890,75.05556994,137.94224526
64.73212416,74.00527426,136.91830707
64.92245524,72.96979965,135.82243976
65.09123204,71.95080870,134.65591267
65.23547746,70.94936599,133.42084459
65.34979916,69.96689786,132.12217045
65.43431712,69.00322670,130.76307178
65.48581643,68.05877192,129.34981696
65.50259161,67.13336057,127.88891104
65.48626405,66.22601011,126.38446554
65.43685593,65.33598407,124.84215425
65.35342976,64.46258090,123.26922511
65.23723127,63.60466265,121.67069307
65.09058803,62.76096764,120.04977430
64.91473064,61.93041800,118.41071806
64.71100583,61.11194557,116.75731222
64.48082909,60.30451428,115.09287660
64.22564527,59.50713609,113.42027471
63.94689664,58.71888156,111.74193876
63.64599808,57.93888573,110.05990361
63.32431848,57.16635052,108.37584576
62.98316748,56.40054431,106.69112452
62.62335774,55.64078594,105.00785660
62.24455692,54.88638052,103.33078088
61.84960264,54.13680102,101.65656114
61.43955146,53.39154526,99.98561513
61.01538217,52.65015925,98.31821664
60.57676752,51.91210925,96.65808211
60.12368534,51.17688087,95.00816535
59.65895427,50.44431520,93.36271075
59.18329955,49.71410659,91.72158056
58.69422508,48.98551445,90.09485862
58.19495637,48.25859024,88.47442548
57.68663585,47.53317844,86.85818247
57.16644322,46.80847814,85.25750421
56.63763233,46.08470621,83.66296563
56.10071057,45.36167196,82.07413317
55.55313056,44.63859818,80.50177470
54.99889020,43.91598301,78.93258764
54.43563492,43.19309641,77.37661948
53.86494614,42.47000802,75.82911471
53.28741974,41.74660948,74.28881344
52.70157829,41.02234245,72.76265703
52.11055213,40.29767895,71.23907441
51.51072375,39.57158570,69.73370278
50.90650629,38.84485418,68.22931154
50.29415032,38.11642042,66.74227504
49.67750710,37.38696674,65.25722905
49.05347690,36.65558449,63.78799049
48.42531063,35.92282002,62.32138321
47.79019225,35.18784466,60.87010346
47.15132970,34.45118043,59.42091037
46.50567163,33.71197185,57.98753524
45.85687528,32.97080491,56.55462351
45.20119043,32.22671791,55.13888872
44.54262905,31.48031885,53.72334656
43.87793351,30.73079394,52.32244812
43.20998120,29.97847223,50.92409401
42.53699857,29.22285055,49.53616372
41.86008025,28.46391001,48.15417845
41.17939051,27.70146046,46.77762178
40.49387512,26.93517396,45.41094766
39.80600354,26.16510441,44.04400025
