241.31850832,236.89758427,236.06707663
240.64643545,235.73793662,234.77088862
240.03821069,234.56107720,233.43314445
239.45895080,233.37839613,232.07780489
238.90018167,232.19260057,230.71058496
238.35765313,231.00501517,229.33430835
237.82867033,229.81645810,227.95074573
237.31149790,228.62743451,226.56101402
236.80477096,227.43833073,225.16598780
236.30749215,226.24941370,223.76629286
235.81879341,225.06091003,222.36247565
235.33809258,223.87295215,220.95488230
234.86469874,222.68571167,219.54395119
234.39824022,221.49925334,218.12988875
233.93822785,220.31368359,216.71299761
233.48423362,219.12908959,215.29354139
233.03611998,217.94545929,213.87156409
232.59329630,216.76293881,212.44746713
232.15580143,215.58145650,211.02116469
231.72316316,214.40111969,209.59297572
231.29515069,213.22195266,208.16303418
230.87180210,212.04388502,206.73126061
230.45248671,210.86708413,205.29811655
230.03754214,209.69137378,203.86328433
229.62638423,208.51690693,202.42719603
229.21891965,207.34366228,200.98988870
228.81529001,206.17153312,199.55120490
228.41478164,205.00072386,198.11169926
228.01796796,203.83097052,196.67085630
227.62414947,202.66247446,195.22922626
227.23329515,201.49519354,193.78680312
226.84568292,200.32896992,192.34331616
226.46047323,199.16406239,190.89945114
226.07839084,198.00014552,189.45455452
225.69872165,196.83743338,188.00921141
225.32135078,195.67591670,186.56349532
224.94682770,194.51533155,185.11689646
224.57411282,193.35602208,183.67030083
224.20395221,192.19764757,182.22302452
223.83582977,191.04035299,180.77549831
223.46930072,189.88425931,179.32809813
223.10543528,188.72889210,177.87983840
222.74287231,187.57473316,176.43192235
222.38219055,186.42150036,174.98380670
222.02340888,185.26913065,173.53545105
221.66563557,184.11792919,172.08765409
221.31009225,182.96734742,170.63927226
220.95566199,181.81778352,169.19131714
220.60225236,180.66922329,167.74386176
220.25089000,179.52118725,166.29592889
219.90013434,178.37421721,164.84885277
219.55068047,177.22796966,163.40196699
219.20260220,176.08235623,161.95518505
218.85489304,174.93774866,160.50945319
218.50875908,173.79357721,159.06360785
218.16336110,172.65014357,157.61843994
217.81811342,171.50764803,156.17450877
217.47467777,170.36530891,154.73019506
217.13139587,169.22379338,153.28709879
216.78825906,168.08305275,151.84522758
216.44671276,166.94238385,150.40315599
216.10501784,165.80250573,148.96258777
215.76349303,164.66322071,147.52320974
215.42321344,163.52397797,146.08394965
215.08260744,162.38543711,144.64636929
214.74208798,161.24735210,143.21006037
214.40259007,160.10922419,141.77408228
214.06260212,158.97170045,140.33995804
213.72247893,157.83455679,138.90733729
213.38330221,156.69721217,137.47512419
213.04348481,155.56036473,136.04493845
212.70314279,154.42390162,134.61667466
212.36384755,153.28698785,133.18872821
212.02377274,152.15045445,131.76298402
211.68285911,151.01427333,130.33952113
211.34275080,149.87755285,128.91665030
211.00200616,148.74094904,127.49587895
210.66030038,147.60456565,126.07756622
210.31855243,146.46786385,124.66077282
209.97673689,145.33078218,123.24554272
209.63384632,144.19377792,121.83295635
209.28983646,143.05681105,120.42308945
208.94651635,141.91884144,119.01405804
208.60205347,140.78077349,117.60782556
208.25636901,139.64258275,116.20451061
207.90988302,138.50396812,114.80370293
207.56346028,137.36436893,113.40451611
207.21571778,136.22447435,112.00846295
206.86662292,135.08423054,110.61562312
206.51657333,133.94333448,109.22561743
206.16638145,132.80123069,107.83762132
205.81474383,131.65858615,106.45308465
205.46163311,130.51533800,105.07209371
205.10702406,129.37142051,103.69473583
204.75221771,128.22596248,102.31967133
204.39606315,127.07955867,100.94820704
204.03831777,125.93226786,99.58067673
203.67895901,124.78401467,98.21718128
203.31796565,123.63472061,96.85782470
202.95643224,122.48359192,95.50151094
202.59339087,121.33113309,94.14937745
202.22861283,120.17738929,92.80176903
201.86207611,119.02227219,91.45881317
201.49375904,117.86569024,90.12064355
201.12363998,116.70754867,88.78740068
200.75229343,115.54734191,87.45859259
200.37943276,114.38513709,86.13466300
200.00463952,113.22109780,84.81620383
199.62788551,112.05512022,83.50339652
199.24914110,110.88709752,82.19643396
198.86837474,109.71692004,80.89552168
198.48555266,108.54447535,79.60087907
198.10063831,107.36964842,78.31274070
197.71359198,106.19232177,77.03135775
197.32437027,105.01237572,75.75699946
196.93292555,103.82968859,74.48995478
196.53920539,102.64413703,73.23053398
196.14315200,101.45559631,71.97907049
195.74470157,100.26394075,70.73592270
195.34378364,99.06904416,69.50147592
194.94032040,97.87078030,68.27614440
194.53422598,96.66902348,67.06037338
194.12540570,95.46364919,65.85464127
193.71375532,94.25453478,64.65946179
193.29916022,93.04156030,63.47538619
192.88149465,91.82460931,62.30300542
192.46062086,90.60356986,61.14295226
192.03638832,89.37833554,59.99590346
191.60863287,88.14880662,58.86258163
191.17717594,86.91489127,57.74375708
190.74239526,85.67595505,56.63977006
190.30405760,84.43192093,55.55154953
189.86144107,83.18319520,54.48045293
189.41429383,81.92973534,53.42747077
188.96237695,80.67148270,52.39362302
188.50677046,79.40698386,51.37904544
188.04578106,78.13765511,50.38595143
187.57906866,76.86353965,49.41555346
187.10743350,75.58341062,48.46842072
186.62976852,74.29811418,47.54639512
186.14524550,73.00824083,46.65108859
185.65503727,71.71205463,45.78314809
185.15698654,70.41170596,44.94489755
184.65180110,69.10598228,44.13732591
184.13822351,67.79604938,43.36224320
183.61625973,66.48153964,42.62098917
183.08482966,65.16348855,41.91516477
182.54393434,63.84155769,41.24610020
181.99213469,62.51737703,40.61519353
181.42979891,61.19015327,40.02366652
180.85538499,59.86180578,39.47255581
180.26849651,58.53272622,38.96274756
179.66871584,57.20337238,38.49502014
179.05498727,55.87526042,38.06966617
178.42678145,54.54920752,37.68687359
177.78375387,53.22580128,37.34673776
177.12504655,51.90658103,37.04866454
176.45019870,50.59254837,36.79199779
175.75881684,49.28468891,36.57584636
175.05056842,47.98397905,36.39909711
174.32505068,46.69164397,36.26019775
173.58204289,45.40867751,36.15754517
172.82138680,44.13605145,36.08937399
172.04298834,42.87470349,36.05380047
171.24678799,41.62559571,36.04878370
170.43279989,40.38961944,36.07226869
169.60108794,39.16763460,36.12218851
168.75175277,37.96049083,36.19647582
167.88490417,36.76909741,36.29297385
167.00071415,35.59426747,36.40973918
166.09935595,34.43687479,36.54482622
165.18101148,33.29783257,36.69634779
164.24585774,32.17814503,36.86237122
163.29408837,31.07882614,37.04114245
162.32589654,30.00094433,37.23105539
161.34146146,28.94568719,37.43048992
160.34095523,27.91436666,37.63773395
159.32455082,26.90835049,37.85128559
158.29240899,25.92910729,38.06979203
157.24468221,24.97823974,38.29182985
156.18154362,24.05744967,38.51567988
155.10313445,23.16850759,38.74022281
154.00960385,22.31328860,38.96414005
152.90114339,21.49367547,39.18583069
151.77793419,20.71158046,39.40397028
150.64013900,19.96896410,39.61743629
149.48802221,19.26757882,39.82460008
148.32184867,18.60908273,40.02407388
147.14182396,17.99515855,40.21489848
145.94839951,17.42676173,40.39517239
144.74187420,16.90497532,40.56391169
143.52259186,16.43053754,40.72007330
142.29127509,16.00286474,40.86153570
141.04808116,15.62256633,40.98828874
139.79396826,15.28767648,41.09800025
138.52915957,14.99794691,41.19074520
137.25464558,14.75055831,41.26465399
135.97074747,14.54433536,41.31979265
134.67860237,14.37536528,41.35443251
133.37827929,14.24272855,41.36940849
132.07147175,14.14035082,41.36225835
130.75788998,14.06809510,41.33468977
129.43887527,14.02073285,41.28528226
128.11511378,13.99501287,41.21402521
126.78672843,13.98940571,41.12184961
125.45490319,13.99917740,41.00799976
124.12048439,14.02071552,40.87240824
122.78340273,14.05324027,40.71632402
121.44424066,14.09408581,40.54001024
120.10355048,14.14078184,40.34379301
118.76275364,14.18847133,40.12700870
117.42138271,14.23789883,39.89128195
116.07984811,14.28732734,39.63710509
114.73853799,14.33517844,39.36498190
113.39780173,14.38007133,39.07544023
112.05794995,14.42081246,38.76902561
110.71925505,14.45638356,38.44629518
109.38195210,14.48592828,38.10781225
108.04624014,14.50873845,37.75414128
106.71228370,14.52423998,37.38584352
105.38021466,14.53197904,37.00347306
104.05013418,14.53160863,36.60757353
102.72211485,14.52287575,36.19867528
101.39620280,14.50560936,35.77729297
100.07241997,14.47970913,35.34392373
98.75168581,14.44293534,34.89850268
97.43367042,14.39610728,34.44173347
96.11790737,14.34032733,33.97432697
94.80433813,14.27570597,33.49670999
93.49288944,14.20238225,33.00928704
92.18411408,14.11907086,32.51213870
90.87895540,14.02366247,32.00519623
89.57578908,13.91982659,31.48955249
88.27449225,13.80778512,30.96553236
86.97573380,13.68602512,30.43312604
85.68067869,13.55201687,29.89217415
84.38722565,13.41029632,29.34374709
83.09522213,13.26110427,28.78809285
81.80741272,13.09858391,28.22450709
80.52125352,12.92808303,27.65407037
79.23618231,12.75067218,27.07711247
77.95506396,12.56035439,26.49297985
76.67542135,12.36217909,25.90256968
75.39651854,12.15751863,25.30619573
74.12203081,11.93884559,24.70310501
72.84794107,11.71416255,24.09441250
71.57569544,11.48042735,23.47989239
70.30612537,11.23587421,22.85950841
69.03646980,10.98580080,22.23389907
67.77051801,10.72261495,21.60247556
66.50463886,10.45325101,20.96596658
65.24051955,10.17241613,20.32416925
63.97792252,9.88387507,19.67720601
62.71541562,9.59347880,19.02532319
61.45555082,9.29665406,18.36827651
60.19437299,9.00085739,17.70654781
