1.682423343351864276e+01 3.158431273424059427e+01 6.361769579267812702e+01
1.819003837841001570e+01 3.299850840333940027e+01 6.673042707824697573e+01
1.953471702171731650e+01 3.439707479028092507e+01 6.987445129698487278e+01
2.085885400078389651e+01 3.578053588581161648e+01 7.305202523932314307e+01
2.216270379507938060e+01 3.714938318372385595e+01 7.626530414673113967e+01
2.344619161146946595e+01 3.850408191592266149e+01 7.951640375550337581e+01
2.470890848951146168e+01 3.984508865015364165e+01 8.280739535447517596e+01
2.595010031418441088e+01 4.117288188183270137e+01 8.614023503728428466e+01
2.716863968041993260e+01 4.248799665432228778e+01 8.951668983186650053e+01
2.836298248107990005e+01 4.379106822374100716e+01 9.293823841871677871e+01
2.953110731189749316e+01 4.508288760717957189e+01 9.640593965391074960e+01
3.067043484239689377e+01 4.636447247594683319e+01 9.992026047931862820e+01
3.177759915049816541e+01 4.763704675863505145e+01 1.034814855046432598e+02
3.284858215296803507e+01 4.890241248903171822e+01 1.070879662867652655e+02
3.387610272671856393e+01 5.016108691699561462e+01 1.107472790286559814e+02
3.485195771680135124e+01 5.141514927893945242e+01 1.144608353260453413e+02
3.576878385270595828e+01 5.266989757685445284e+01 1.182152379820586958e+02
3.660804677182528621e+01 5.392647737038060285e+01 1.220270145283149787e+02
3.735306257771271277e+01 5.519294669554231092e+01 1.258808131384827647e+02
3.797634121019820697e+01 5.647822893484701012e+01 1.297689747326974441e+02
3.843797794215842600e+01 5.779601107255485459e+01 1.336759601117878162e+02
3.868101238406436693e+01 5.916847113155650817e+01 1.375663993265098100e+02
3.862003517766878957e+01 6.063032587702162601e+01 1.413766836057215812e+02
3.815804476462469097e+01 6.223536350285827012e+01 1.449643981630642315e+02
3.724230147743634234e+01 6.404244530943810787e+01 1.481014407898710772e+02
3.597745736353415680e+01 6.606571462235243075e+01 1.505732333359963491e+02
3.458229407449792348e+01 6.824615359824630900e+01 1.523701112060317939e+02
3.323031298746274587e+01 7.050306875092834957e+01 1.536512461697035974e+02
3.198827234528727104e+01 7.278331478623741191e+01 1.545861100479978631e+02
3.087720598321459775e+01 7.505856491975708877e+01 1.552943338103442841e+02
2.990373604651917816e+01 7.731452062172655815e+01 1.558541976061962657e+02
2.906362593872080424e+01 7.954580544271374265e+01 1.563145447967758912e+02
2.835685015018032828e+01 8.174969774434671876e+01 1.567091985155398390e+02
2.777760078470565119e+01 8.392675406001721683e+01 1.570590272134338363e+02
2.732475960074561172e+01 8.607750435751599127e+01 1.573802100003857163e+02
2.699612827385693592e+01 8.820321854107544368e+01 1.576841297894172556e+02
2.678868930328987119e+01 9.030551681334694081e+01 1.579789100420409511e+02
2.669873890741721567e+01 9.238614875689053463e+01 1.582704328540795302e+02
2.672196963014307158e+01 9.444687139308885548e+01 1.585630161657427379e+02
2.685354506441170130e+01 9.648938467890981485e+01 1.588598674486312348e+02
2.708818620514611197e+01 9.851529996295916192e+01 1.591633903553314440e+02
2.742027459841169446e+01 1.005261270577966570e+02 1.594753940306258357e+02
2.784407202754458410e+01 1.025232506743355003e+02 1.597973055699747249e+02
2.835456136476149425e+01 1.045077870104480695e+02 1.601307605513090380e+02
2.894432838028575716e+01 1.064812466926708652e+02 1.604755151750649702e+02
2.960757423456994886e+01 1.084447517015460392e+02 1.608320321711981080e+02
3.033882732895209244e+01 1.103993226474827338e+02 1.612006457818993965e+02
3.113313836050391004e+01 1.123458605372841674e+02 1.615816816134744158e+02
3.198498939606365710e+01 1.142853938169247812e+02 1.619745947103663752e+02
3.289007716707511264e+01 1.162187234629830925e+02 1.623792693150841728e+02
3.384448632544295066e+01 1.181466045021066407e+02 1.627954026822401943e+02
3.484463991815535167e+01 1.200697659195922995e+02 1.632224387528064824e+02
3.588777859549357174e+01 1.219888117607159330e+02 1.636599659511402933e+02
3.697163716869067684e+01 1.239042926435410408e+02 1.641074574053478443e+02
3.809403411207155443e+01 1.258168026072092118e+02 1.645638677503443148e+02
3.925395919698885194e+01 1.277267324589346345e+02 1.650286449192144289e+02
4.045090976519951198e+01 1.296344153490311726e+02 1.655011488880865329e+02
4.168478775471250231e+01 1.315401509708198944e+02 1.659805349973989337e+02
4.295561240121697466e+01 1.334442816600395645e+02 1.664653769270827581e+02
4.426454349035245173e+01 1.353469382769091851e+02 1.669547771424800260e+02
4.561345414280580712e+01 1.372481353168078613e+02 1.674479529434109395e+02
4.700455418208987624e+01 1.391478677937153350e+02 1.679437539284777756e+02
4.844068235292199631e+01 1.410460373197243200e+02 1.684409524725770950e+02
4.992534623821948969e+01 1.429424400451451618e+02 1.689382516907505192e+02
5.146276773722585318e+01 1.448367521907855746e+02 1.694342968372172606e+02
5.305793248205787194e+01 1.467285129324404522e+02 1.699276913250295138e+02
5.471664029380894334e+01 1.486171044754336776e+02 1.704170188401130872e+02
5.644555200011861018e+01 1.505017293139126480e+02 1.709008733319226963e+02
5.825222553964646011e+01 1.523813849433755081e+02 1.713778989595067515e+02
6.014513118578400253e+01 1.542548367339296647e+02 1.718468422984014978e+02
6.213363194517141608e+01 1.561205903323577786e+02 1.723066191754627710e+02
6.422794200958166755e+01 1.579768955884103434e+02 1.727560924094308348e+02
6.643929496765545650e+01 1.598218054571398454e+02 1.731930470162840834e+02
6.877919761082145556e+01 1.616526894682257876e+02 1.736191914770682843e+02
7.125993007330795592e+01 1.634668954873110920e+02 1.740332493492425954e+02
7.389281547247630044e+01 1.652612657691161075e+02 1.744372949601979030e+02
7.668871478788177853e+01 1.670324732639048761e+02 1.748328505730688960e+02
7.965520537510744248e+01 1.687770483809616735e+02 1.752245549391447526e+02
8.279668297306000113e+01 1.704916898127547711e+02 1.756175834518389536e+02
8.611194007596486699e+01 1.721735539829996355e+02 1.760193259086982778e+02
8.959250914307050095e+01 1.738207092107585368e+02 1.764392605282065176e+02
9.322294302374032782e+01 1.754324644270824365e+02 1.768875505981514777e+02
9.698111734827560326e+01 1.770096192510263222e+02 1.773745437767539670e+02
1.008402707607768889e+02 1.785544587267327188e+02 1.779096021187756378e+02
1.047719172561434675e+02 1.800704835743624699e+02 1.785000835075255452e+02
1.087487084068621783e+02 1.815619750049224592e+02 1.791507985509387595e+02
1.127456608754347371e+02 1.830336758172977056e+02 1.798644269501235158e+02
1.167427381485257172e+02 1.844901947976296128e+02 1.806410658708658161e+02
1.207253223368296347e+02 1.859356642303185652e+02 1.814787671249119398e+02
1.246807140937177394e+02 1.873741685135326236e+02 1.823754943051050930e+02
1.286024930825707031e+02 1.888088002624932358e+02 1.833273138641935134e+02
1.324839696685025956e+02 1.902427650625301965e+02 1.843313039023813076e+02
1.363245472082267895e+02 1.916780362030033018e+02 1.853828526633918443e+02
1.401214259202417622e+02 1.931169926064802382e+02 1.864789584494834003e+02
1.438737844475294310e+02 1.945615420426962032e+02 1.876164251465358461e+02
1.475834892762729282e+02 1.960128975646762228e+02 1.887915577509195089e+02
1.512513452098532412e+02 1.974724126472352452e+02 1.900014964557993267e+02
1.548785684963625329e+02 1.989412579649658142e+02 1.912435722186748706e+02
1.584666274913591906e+02 2.004204579904777006e+02 1.925153030906200229e+02
1.620171221559802746e+02 2.019109229937902512e+02 1.938143820878026418e+02
1.655316950616038980e+02 2.034134764511655362e+02 1.951386590747604259e+02
1.690119674060369448e+02 2.049288781783268973e+02 1.964861182563336968e+02
1.724594945948115878e+02 2.064578436505440777e+02 1.978548521403115217e+02
1.758757370301237870e+02 2.080010600118042703e+02 1.992430322074731635e+02
1.792616533402365917e+02 2.095593105329568573e+02 2.006490211521096967e+02
1.826185042491201216e+02 2.111332573459692128e+02 2.020710401702425827e+02
1.859479043089322090e+02 2.127234275657816909e+02 2.035070962003863144e+02
1.892508778451481817e+02 2.143304929177321299e+02 2.049552845034642132e+02
1.925283242778635042e+02 2.159551484935957149e+02 2.064135642797201058e+02
1.957807143597035520e+02 2.175982139280400531e+02 2.078798270140776765e+02
1.990093117739536410e+02 2.192602760290600088e+02 2.093513134485717728e+02
2.022151168124340188e+02 2.209420124486175894e+02 2.108249487626225687e+02
2.053990301645554837e+02 2.226441541051996182e+02 2.122971918500579989e+02
2.085621386546982308e+02 2.243674067323041470e+02 2.137638205784963361e+02
2.117062762662898763e+02 2.261122831679053888e+02 2.152195553354623598e+02
2.148336272059376313e+02 2.278792222933217602e+02 2.166582013679734473e+02
2.179472767560476996e+02 2.296684066272931375e+02 2.180724018874969090e+02
2.210515989547864137e+02 2.314796126154853937e+02 2.194535745092468915e+02
2.241523467934747487e+02 2.333121279937608961e+02 2.207922318381182833e+02
2.272569478665756435e+02 2.351645837963788495e+02 2.220783802836555765e+02
2.303745508699054483e+02 2.370348534511713581e+02 2.233021547568553444e+02
2.335148907523219748e+02 2.389203122765001410e+02 2.244553738507280798e+02
2.366875191738008084e+02 2.408180477751068906e+02 2.255323582174891328e+02
2.399004016578794563e+02 2.427253476251547397e+02 2.265305438439073384e+02
2.431585762146835918e+02 2.446402588907379538e+02 2.274503570584021190e+02
2.464626283011886869e+02 2.465622301289401435e+02 2.282952164873944980e+02
2.498093724393122557e+02 2.484921108329899084e+02 2.290694420890712308e+02
2.531923730897269706e+02 2.504321033800696341e+02 2.297771905113925186e+02
2.545596218365878087e+02 2.521872162581025520e+02 2.039857737547547458e+02
2.531909916283422604e+02 2.497482951160291975e+02 1.997506336741225539e+02
2.518360530942400146e+02 2.473219363541584812e+02 1.955088137375546182e+02
2.504912394733357246e+02 2.449091204196346894e+02 1.912601427843460726e+02
2.491529296698739415e+02 2.425108306019285180e+02 1.870050771208111371e+02
2.478182752427993307e+02 2.401278882342683119e+02 1.827425505384484552e+02
2.464842936446741533e+02 2.377611510168886468e+02 1.784720237427874281e+02
2.451478969875661278e+02 2.354115143804551451e+02 1.741933573365113261e+02
2.438062384362872592e+02 2.330798444957499385e+02 1.699058396701647382e+02
2.424561247879194354e+02 2.307671071134302849e+02 1.656096720489226186e+02
2.410944606329084934e+02 2.284742786460253399e+02 1.613047448689876546e+02
2.397184549606503481e+02 2.262023111225887817e+02 1.569898606726839603e+02
2.383244830689456819e+02 2.239523674832611562e+02 1.526660894968727860e+02
2.369090588531521462e+02 2.217256242285952226e+02 1.483339308578235602e+02
2.354687530064168470e+02 2.195232956689137040e+02 1.439933678149119203e+02
2.340001525568722229e+02 2.173466521364173332e+02 1.396437610100902589e+02
2.324989470883654405e+02 2.151971777966477362e+02 1.352873659675983049e+02
2.309610044624901661e+02 2.130763727700665697e+02 1.309254839488165203e+02
2.293820328467428453e+02 2.109858139539495596e+02 1.265596379603685193e+02
2.277575432605072194e+02 2.089271541089466382e+02 1.221918015377254534e+02
2.260828660436631594e+02 2.069021061128098893e+02 1.178244984593233085e+02
2.243531897593270799e+02 2.049124170990195068e+02 1.134608968563151308e+02
2.225636263776164014e+02 2.029598310938715144e+02 1.091048882274698570e+02
2.207093050067990134e+02 2.010460395681964485e+02 1.047611403519463096e+02
2.187854938901614048e+02 1.991726205486939705e+02 1.004351126219324897e+02
2.167877469479408319e+02 1.973409685345839080e+02 9.613302342526287703e+01
2.147120671489349775e+02 1.955522192624732725e+02 9.186176227609934131e+01
2.125550750620309373e+02 1.938071750537932871e+02 8.762874446538340578e+01
2.103141678903995171e+02 1.921062376749354996e+02 8.344171264382018194e+01
2.079875732204754399e+02 1.904494110163718403e+02 7.930803032079521131e+01
2.055746064916583578e+02 1.888361423614365435e+02 7.523565269809435563e+01
2.030757398129227624e+02 1.872653315117005661e+02 7.123236655134812167e+01
2.004924071443545870e+02 1.857354665172281329e+02 6.730468679820353373e+01
1.978269783492290514e+02 1.842446255428933455e+02 6.345818704555527745e+01
1.950827461608359954e+02 1.827904880065663917e+02 5.969765426260711649e+01
1.922636337588233459e+02 1.813704899564611992e+02 5.602661239256516978e+01
1.893739872149457426e+02 1.799819209168580016e+02 5.244736860663898881e+01
1.864186340923413638e+02 1.786218952089689083e+02 4.896153466403831800e+01
1.834022878485527599e+02 1.772876284680030778e+02 4.556943708659647285e+01
1.803296144213262835e+02 1.759763946606192917e+02 4.227077372753621631e+01
1.772051835524648595e+02 1.746855442397166200e+02 3.906491797076326122e+01
1.740334917712062008e+02 1.734124955543785802e+02 3.595121316867390249e+01
1.708186408363010287e+02 1.721548670996091914e+02 3.292897910913616499e+01
1.675641567107007859e+02 1.709105395279916308e+02 2.999781745788470388e+01
1.642734201612479978e+02 1.696774737608687360e+02 2.715834820004895178e+01
1.609494789639439603e+02 1.684537848966381262e+02 2.441248233013147839e+01
1.575950582717005375e+02 1.672377329239618007e+02 2.176400211651428762e+01
1.542126687920709855e+02 1.660276788309178926e+02 1.921931201501196540e+01
1.508044142023009329e+02 1.648221493345991178e+02 1.678841264256407584e+01
1.473720669924720141e+02 1.636198011240257699e+02 1.448626952674034918e+01
1.439172852402952287e+02 1.624193410404598694e+02 1.233439391637925198e+01
1.404415329739588287e+02 1.612195521445920008e+02 1.036092811033899252e+01
1.369461098118783013e+02 1.600192807718775896e+02 8.669558282012680195e+00
1.334321807927483405e+02 1.588174244236483617e+02 7.367365065792951917e+00
1.299008063213273658e+02 1.576129205948760159e+02 6.434663278610996962e+00
1.263529722927100636e+02 1.564047365977050958e+02 5.846512354687017243e+00
1.227895412224607981e+02 1.551918823242165217e+02 5.580571047678807517e+00
1.192114555269323688e+02 1.539733526946546363e+02 5.616566750308931155e+00
1.156196724554524025e+02 1.527481496261347047e+02 5.936145448084699794e+00
1.120151929946750045e+02 1.515152771359231849e+02 6.522622842672392451e+00
1.083991044703293198e+02 1.502737343060194917e+02 7.360725318449631516e+00
1.047726153513209368e+02 1.490225121770346277e+02 8.436351638379914419e+00
1.011370908641627153e+02 1.477605921875621391e+02 9.736341295567244813e+00
9.749397177416518900e+01 1.464869713357876151e+02 1.120675293393125216e+01
9.384492741758995749e+01 1.452006353390150650e+02 1.274179602208437601e+01
9.019222320008655913e+01 1.439004967259486989e+02 1.431287904599520999e+01
8.653823319937039571e+01 1.425855140511162062e+02 1.590117804040050231e+01
8.288566369039332926e+01 1.412546573037901396e+02 1.749270887334034441e+01
7.923753163911963782e+01 1.399069266832093206e+02 1.907701079129278199e+01
7.559707380307260394e+01 1.385413810442912848e+02 2.064630235113500234e+01
7.196848053001126289e+01 1.371570374955759064e+02 2.219356499596208820e+01
6.835610817409579454e+01 1.357530243404567045e+02 2.371340730087776194e+01
6.476472653431198978e+01 1.343285543456217681e+02 2.520129139445860744e+01
6.119943436520946278e+01 1.328829503896493236e+02 2.665343839260139447e+01
5.766612333764202702e+01 1.314156045814296760e+02 2.806596227436530455e+01
5.417103354945500371e+01 1.299260532535455468e+02 2.943549800478882617e+01
5.072086447276129917e+01 1.284139737640291514e+02 3.075900944252697400e+01
4.732296425664990380e+01 1.268791778330527080e+02 3.203353266158171664e+01
4.398525158315880645e+01 1.253216302483709939e+02 3.325640827541026567e+01
4.071635698473856735e+01 1.237414438018410294e+02 3.442525088274832967e+01
3.752584369416552335e+01 1.221388702186360291e+02 3.553787883714296214e+01
3.442459909726145639e+01 1.205142891936686453e+02 3.659197901264931829e+01
3.142469393542948808e+01 1.188682151051380202e+02 3.758600518189003736e+01
2.854012648454304113e+01 1.172012636682392070e+02 3.851858588414207674e+01
2.578730748173769172e+01 1.155141397268513259e+02 3.938849066103875174e+01
2.318554408064295203e+01 1.138076251363455214e+02 4.019466756500350613e+01
2.075746654512721534e+01 1.120825768730741601e+02 4.093597934915056413e+01
1.852928877057644286e+01 1.103398705070911063e+02 4.161224642497608528e+01
1.653070084679900020e+01 1.085804169895940561e+02 4.222312394205463448e+01
1.479357682254345718e+01 1.068051443090664634e+02 4.276840046137310480e+01
1.334932118568823611e+01 1.050149855186495955e+02 4.324800759081450963e+01
1.222458101096759897e+01 1.032108693967854833e+02 4.366199853347274029e+01
1.143583684007498746e+01 1.013937129259155370e+02 4.401052691979183606e+01
1.098421272937712700e+01 9.956442905507167040e+01 4.429372698557717314e+01
1.085334830135666806e+01 9.772389389329154596e+01 4.451193363316091478e+01
1.101078389430853832e+01 9.587294707470421429e+01 4.466559009565930438e+01
1.141247314679233149e+01 9.401241575895492986e+01 4.475506287340374456e+01
1.200935998511591585e+01 9.214310173532135195e+01 4.478073685808812598e+01
1.275313290669612165e+01 9.026578216264488219e+01 4.474300670389318668e+01
1.360007102114093236e+01 8.838121098545308030e+01 4.464227097944376510e+01
1.451285915077179745e+01 8.649012080559170101e+01 4.447892914879901127e+01
1.546089386511092734e+01 8.459322498080545927e+01 4.425338137864888921e+01
1.641972681675209245e+01 8.269121971172205576e+01 4.396603111178724532e+01
1.737014704517593700e+01 8.078478586696719788e+01 4.361729027607533737e+01
1.829720599353291277e+01 7.887459028435705477e+01 4.320758690624338527e+01
1.918889000638083076e+01 7.696133764997222215e+01 4.273723627169965766e+01
2.003641933662763108e+01 7.504565756010346433e+01 4.220678374797708443e+01
2.083301796065935108e+01 7.312816702523502954e+01 4.161680590948574121e+01
2.157337272478796564e+01 7.120948024568585311e+01 4.096789838916553350e+01
2.225342781656931734e+01 6.929018901907060979e+01 4.026073084527871515e+01
2.287013431947448083e+01 6.737085581363318454e+01 3.949605718075964234e+01
2.342126856536640389e+01 6.545200493045997803e+01 3.867472240106379644e+01
2.390358489215676485e+01 6.353438969293565464e+01 3.779724629011094805e+01
2.431701065650015892e+01 6.161831557969739492e+01 3.686492201259646606e+01
2.466144982155089238e+01 5.970408976912975163e+01 3.587896177596394409e+01
2.493687114606468569e+01 5.779200070419267377e+01 3.484053897477208039e+01
2.514024094729892767e+01 5.588288990022260805e+01 3.375024208898092581e+01
2.527527601002219981e+01 5.397634295981996644e+01 3.260996120955520894e+01
2.534241665116622499e+01 5.207248467462333252e+01 3.142083053798569381e+01
2.533985284977116947e+01 5.017186722899668183e+01 3.018365866320282365e+01
2.527310836860923615e+01 4.827347928673040656e+01 2.890015251580068067e+01
2.513891627223440395e+01 4.637806833936973305e+01 2.757084841554578247e+01
2.494389757107595784e+01 4.448416355878700301e+01 2.619711587136663766e+01
2.468496821958190068e+01 4.259233467061130085e+01 2.477944498681646124e+01
2.436933138609713367e+01 4.070068326813183290e+01 2.331864342198217344e+01
2.399424225342051287e+01 3.880949349597023001e+01 2.181513030749004045e+01
2.356546063854925777e+01 3.691685894915755739e+01 2.026916316762773818e+01
2.308585477915404383e+01 3.502134493401775472e+01 1.868069164636146695e+01
