51.36340044,19.71348506,23.82216126
52.58914961,20.16082981,24.33109548
53.81593677,20.60281771,24.83150782
55.04381099,21.03955582,25.32334883
56.27281615,21.47114981,25.80656262
57.50299936,21.89769691,26.28108115
58.73442820,22.31927058,26.74681124
59.96710675,22.73599684,27.20369497
61.20105923,23.14797960,27.65165116
62.43630483,23.55532363,28.09059295
63.67285768,23.95813498,28.52042797
64.91072679,24.35652150,28.94105847
66.14991601,24.75059321,29.35238145
67.39042391,25.14046281,29.75428879
68.63224374,25.52624616,30.14666743
69.87536323,25.90806270,30.52939943
71.11976453,26.28603601,30.90236218
72.36542400,26.66029426,31.26542854
73.61231211,27.03097074,31.61846698
74.86049270,27.39810760,31.96124560
76.11005714,27.76171823,32.29348625
77.36074499,28.12215929,32.61524352
78.61250061,28.47959010,32.92636853
79.86526126,28.83417800,33.22670901
81.11895690,29.18609889,33.51610959
82.37360865,29.53543905,33.79430245
83.62940118,29.88212061,34.06081181
84.88588958,30.22669864,34.31585301
86.14297056,30.56939069,34.55925999
87.40053198,30.91042612,34.79086539
88.65885075,31.24964004,35.01000160
89.91756929,31.58751539,35.21675349
91.17638655,31.92448423,35.41114586
92.43516704,32.26081397,35.59298718
93.69434273,32.59618852,35.76128142
94.95313227,32.93154874,35.91666226
96.21134811,33.26722937,36.05896837
97.46937025,33.60297762,36.18716881
98.72650130,33.93966689,36.30179177
99.98245560,34.27774882,36.40277566
101.23762256,34.61697219,36.48894570
102.49107665,34.95846855,36.56121795
103.74291382,35.30230410,36.61884275
104.99282615,35.64897335,36.66170732
106.24029185,35.99920054,36.69008717
107.48544436,36.35302549,36.70303723
108.72737495,36.71158690,36.70156128
109.96640862,37.07473106,36.68426447
111.20150098,37.44374306,36.65247779
112.43290168,37.81855389,36.60486475
113.65963582,38.20037419,36.54270367
114.88183146,38.58926417,36.46483575
116.09861030,38.98632597,36.37242090
117.30987036,39.39185387,36.26479699
118.51496456,39.80669678,36.14266354
119.71351627,40.23141671,36.00607768
120.90512525,40.66659023,35.85517350
122.08919671,41.11297363,35.69071682
123.26548000,41.57096599,35.51249311
124.43337205,42.04129437,35.32145944
125.59249018,42.52444738,35.11797475
126.74246769,43.02087692,34.90241215
127.88284217,43.53109719,34.67562738
129.01328752,44.05546716,34.43809040
130.13345015,44.59434086,34.19052278
131.24301750,45.14800311,33.93364128
132.34171580,45.71667184,33.66816435
133.42930151,46.30050507,33.39486115
134.50559321,46.89957818,33.11435993
135.57038743,47.51394458,32.82768549
136.62359705,48.14354108,32.53535187
137.66514100,48.78826990,32.23804062
138.69492727,49.44799719,31.93689840
139.71300422,50.12249036,31.63204700
140.71935330,50.81150995,31.32461532
141.71404692,51.51475407,31.01505810
142.69717954,52.23189838,30.70372486
143.66883053,52.96256282,30.39189889
144.62916778,53.70640292,30.07901820
145.57831431,54.46294462,29.76695963
146.51645519,55.23186009,29.45471429
147.44377374,56.01262365,29.14403628
148.36044538,56.80491989,28.83400509
149.26670627,57.60818140,28.52632333
150.16270506,58.42215693,28.21975506
151.04874376,59.24619364,27.91643781
151.92492615,60.08013290,27.61472029
152.79157603,60.92333866,27.31646674
153.64882286,61.77558802,27.02076902
154.49688802,62.63647644,26.72802965
155.33606511,63.50549673,26.43921812
156.16641066,64.38254422,26.15315605
156.98825545,65.26707189,25.87113048
157.80176919,66.15880513,25.59302039
158.60703051,67.05760199,25.31818873
159.40434921,67.96298751,25.04764870
160.19392499,68.87466235,24.78160208
160.97578624,69.79256472,24.51928852
161.75009469,70.71644757,24.26085944
162.51726148,71.64574997,24.00779335
163.27724076,72.58051748,23.75908345
164.03013983,73.52059184,23.51466096
164.77610070,74.46577437,23.27467133
165.51536557,75.41575166,23.03973670
166.24813972,76.37026666,22.81027990
166.97437843,77.32936163,22.58564524
167.69420342,78.29288028,22.36598146
168.40773191,79.26067541,22.15143964
169.11507672,80.23260853,21.94217345
169.81635625,81.20853857,21.73837775
170.51187174,82.18813075,21.54095137
171.20150948,83.17150721,21.34921828
171.88536370,84.15856176,21.16334297
172.56352466,85.14919500,20.98349313
173.23607872,86.14331401,20.80983960
173.90310849,87.14083201,20.64255631
174.56469291,88.14166808,20.48182011
175.22090733,89.14574678,20.32781055
175.87182365,90.15299796,20.18070969
176.51751041,91.16335638,20.04070177
177.15803288,92.17676151,19.90797288
177.79345321,93.19315725,19.78271054
178.42383047,94.21249166,19.66510332
179.04922083,95.23471677,19.55534029
179.66967759,96.25978833,19.45361055
180.28525132,97.28766558,19.36010263
180.89598997,98.31831108,19.27500388
181.50193890,99.35169050,19.19849988
182.10314106,100.38777246,19.13077374
182.69963703,101.42652831,19.07200542
183.29146511,102.46793201,19.02237101
183.87866142,103.51195997,18.98204205
184.46125997,104.55859087,18.95118477
185.03929276,105.60780558,18.92995939
185.61278983,106.65958698,18.91851940
186.18177936,107.71391984,18.91701086
186.74628774,108.77079076,18.92557172
187.30652401,109.83003891,18.94476482
187.86249448,110.89167159,18.97464984
188.41408111,111.95579437,19.01500029
188.96130393,113.02240029,19.06591301
189.50418147,114.09148373,19.12747388
190.04273082,115.16304029,19.19975740
190.57696768,116.23706673,19.28282643
191.10690639,117.31356094,19.37673186
191.63286960,118.39228875,19.48214553
192.15480085,119.47330698,19.59892210
192.67249946,120.55677726,19.72663282
193.18597490,121.64270161,19.86527685
193.69523549,122.73108285,20.01484125
194.20028847,123.82192458,20.17530117
194.70146477,124.91499875,20.34721203
195.19882337,126.01027791,20.53058690
195.69202057,127.10801898,20.72471773
196.18105944,128.20822860,20.92953250
196.66594212,129.31091399,21.14494921
197.14687195,130.41594408,21.37120882
197.62427667,131.52303930,21.60887797
198.09755725,132.63262302,21.85684085
198.56671207,133.74470489,22.11497862
199.03173863,134.85929501,22.38316539
199.49316333,135.97605430,22.66205042
199.95088716,137.09506399,22.95130719
200.40450162,138.21660405,23.25018213
200.85400069,139.34068658,23.55852549
201.29964576,140.46715247,23.87654532
201.74196199,141.59568030,24.20476247
202.18017155,142.72677942,24.54195464
202.61426497,143.86046373,24.88795847
203.04449760,144.99658263,25.24293568
203.47150345,146.13475714,25.60747301
203.89439169,147.27555178,25.98029628
204.31314939,148.41898202,26.36123734
204.72829889,149.56474093,26.75072908
205.14003895,150.71272424,27.14879599
205.54763655,151.86338380,27.55444777
205.95107516,153.01673664,27.96751834
206.35142979,154.17216156,28.38895829
206.74789418,155.33014734,28.81774156
207.14017673,156.49087247,29.25342246
207.52872558,157.65408757,29.69628781
207.91406026,158.81951022,30.14665302
208.29518169,159.98772241,30.60341209
208.67206654,161.15874378,31.06641325
209.04620600,162.33175227,31.53682284
209.41613615,163.50757968,32.01318470
209.78178612,164.68627164,32.49531619
210.14433131,165.86719500,32.98405224
210.50301346,167.05077899,33.47861179
210.85736213,168.23728687,33.97849540
211.20835995,169.42620115,34.48434044
211.55570921,170.61769610,34.99577135
211.89866139,171.81217823,35.51210919
212.23813439,173.00917427,36.03390844
212.57403592,174.20874743,36.56096769
212.90546590,175.41137500,37.09254564
213.23341031,176.61655830,37.62921194
213.55771752,177.82438971,38.17074137
213.87746713,179.03534662,38.71642986
214.19385094,180.24883724,39.26694607
214.50638351,181.46511952,39.82187171
214.81426018,182.68460231,40.38062449
215.11902112,183.90653464,40.94404406
215.41956297,185.13147294,41.51137393
215.71533761,186.35969062,42.08222558
216.00838119,187.59021319,42.65767175
216.29667839,188.82402501,43.23649268
216.58055053,190.06097758,43.81880510
216.86128075,191.30047415,44.40521926
217.13703927,192.54338920,44.99469305
217.40894732,193.78920436,45.58775020
217.67695213,195.03795678,46.18429098
217.93983553,196.29021682,46.78365032
218.19958950,197.54507958,47.38674902
218.45450374,198.80333771,47.99269467
218.70469479,200.06494319,48.60150095
218.95150100,201.32930483,49.21373743
219.19291312,202.59733026,49.82843011
219.43053244,203.86831492,50.44626331
219.66357031,205.14261782,51.06683622
219.89127661,206.42057214,51.68978812
220.11576709,207.70126673,52.31599014
220.33454306,208.98579165,52.94434001
220.54914026,210.27349182,53.57545424
220.75904732,211.56459513,54.20908571
220.96329768,212.85951500,54.84481943
221.16412539,214.15731933,55.48352143
221.35886593,215.45913065,56.12411080
221.54933964,216.76419639,56.76728049
221.73461906,218.07290763,57.41264950
221.91422089,219.38546513,58.06002228
222.08978815,220.70120696,58.70999591
222.25883823,222.02114225,59.36163880
222.42385444,223.34427721,60.01584799
222.58274477,224.67145369,60.67185531
222.73626476,226.00237331,61.32992747
222.88469996,227.33692931,61.99015661
223.02643025,228.67575649,62.65197900
223.16409640,230.01783328,63.31629946
223.29454633,231.36438014,63.98204432
223.42028901,232.71443586,64.65006225
223.53941995,234.06872970,65.31972068
223.65259354,235.42701325,65.99124427
223.76004104,236.78920252,66.66471368
223.86028501,238.15584749,67.33966496
223.95566340,239.52608345,68.01685322
224.04298625,240.90108415,68.69528461
224.12549758,242.27966297,69.37598818
224.20008367,243.66295131,70.05801424
224.26870901,245.05023716,70.74198580
224.33011425,246.44197120,71.42753844
224.38441602,247.83810759,72.11473098
224.43217162,249.23844800,72.80375114
224.47168768,250.64358122,73.49412567
224.50529899,252.05269130,74.18656294
224.52954149,253.46697030,74.88008823
